<ContestDetail>
 <Contest>
36	P	2005 Gulf Coast Regional	Giddings	TX	09/02/2005 - 09/04/2005	Jim Smolen	25	SouthCentral	5/8/2006 7:49:18 AM	2.0.7	0		9/2/2005	
 </Contest>
 <ContestPersonnel>
1	Clark	Dan	0
2	Adams	Tom	0
3	Fitzke	Janet	0
4	Harlan	John	0
5	Haukhol	Kurt	0
6	Stoltenberg	Lynne	0
7	Judy	Bud	0
8	Smolen	Jim	0
9	Peterson	Don	0
10	Torbett	Mike	0
11	Stoltenberg	Jeff	0
12	Phillips	Bobby	0
13	Dierks	Brian	0
14	Brushear	John Robert	0
15	Aulds	Ralph	0
16	Mangum	Alania	0
17	Tilleman	Sam	0
18	Butler	Bryan	0
19	Toung	Peter	0
20	Bales	D.R.	0
21	Duewall	Dan	0
22	Katz	Andres	0
23	Kimball	David	0
24	Jacobson	Mark	0
25	Wright	Andrew	0
26	Gallaway	Mike	0
27	Dierks	Herman	0
28	Clark	Patrick	0
29	Dobesh	Craig	0
30	Kirkland	Klayton	0
31	Rihn-Harvey	Debbie	0
 </ContestPersonnel>
 <ContestJudgesLine>
1	1	1	1	0
1	1	2	2	0
1	1	3	2	0
1	1	4	2	0
1	1	5	2	0
1	2	1	2	0
1	2	2	2	0
1	2	3	2	0
1	2	6	1	0
1	2	7	2	0
1	2	8	2	0
1	3	1	2	0
1	3	2	2	0
1	3	3	2	0
1	3	6	1	0
1	3	7	2	0
1	3	8	2	0
2	1	6	2	0
2	1	9	1	0
2	1	10	2	0
2	1	11	2	0
2	1	12	2	0
2	2	6	2	0
2	2	8	2	0
2	2	9	2	0
2	2	10	2	0
2	2	11	2	0
2	2	12	1	0
2	3	6	2	0
2	3	8	2	0
2	3	9	1	0
2	3	10	2	0
2	3	11	2	0
2	3	12	2	0
3	1	6	2	0
3	1	9	1	0
3	1	10	2	0
3	1	11	2	0
3	1	12	2	0
3	2	6	2	0
3	2	8	2	0
3	2	9	2	0
3	2	10	2	0
3	2	11	2	0
3	2	12	1	0
3	3	6	2	0
3	3	8	2	0
3	3	9	1	0
3	3	10	2	0
3	3	11	2	0
3	3	12	2	0
4	1	1	1	0
4	1	2	2	0
4	1	3	2	0
4	1	4	2	0
4	1	5	2	0
4	2	1	2	0
4	2	2	2	0
4	2	3	2	0
4	2	6	1	0
4	2	7	2	0
4	2	8	2	0
4	3	1	2	0
4	3	2	2	0
4	3	3	2	0
4	3	6	1	0
4	3	7	2	0
4	3	8	2	0
5	1	6	2	0
5	1	9	1	0
5	1	10	2	0
5	1	11	2	0
5	1	12	2	0
5	2	6	2	0
5	2	8	2	0
5	2	9	2	0
5	2	10	2	0
5	2	11	2	0
5	2	12	1	0
5	3	6	2	0
5	3	8	2	0
5	3	9	1	0
5	3	10	2	0
5	3	11	2	0
5	3	12	2	0
 </ContestJudgesLine>
 <ContestKs>
1	1	0	3	15	10	4	10	3	0	0	0	0	0	0	0	0	0	0	0	0	0	0	0
2	1	0	6	14	10	14	16	20	10	18	10	17	10	0	0	0	0	0	0	0	0	0	0
3	1	0	8	17	13	18	23	15	20	18	10	16	19	14	14	4	0	0	0	0	0	0	0
3	2	2	8	14	16	18	17	7	15	17	17	13	10	12	11	19	4	0	0	0	0	0	0
3	2	4	8	10	13	11	13	10	16	18	15	9	10	14	17	11	18	5	0	0	0	0	0
3	2	7	8	29	23	10	15	9	11	20	6	18	24	14	11	0	0	0	0	0	0	0	0
3	2	24	8	19	15	17	10	15	10	4	13	5	3	17	16	19	14	13	0	0	0	0	0
3	3	0	8	25	14	15	6	17	5	15	17	18	13	3	0	0	0	0	0	0	0	0	0
4	1	0	12	40	35	30	19	19	36	14	18	25	0	0	0	0	0	0	0	0	0	0	0
4	2	9	12	36	27	19	15	19	18	23	16	20	13	20	18	22	22	12	0	0	0	0	0
4	2	10	12	22	32	16	14	24	19	20	18	31	22	21	25	10	16	10	0	0	0	0	0
4	2	11	12	20	18	16	20	23	24	18	26	25	18	31	19	15	16	11	0	0	0	0	0
4	2	12	12	20	23	18	13	23	23	18	15	27	30	22	28	13	13	14	0	0	0	0	0
4	2	25	12	29	9	14	23	29	11	20	22	27	17	10	24	21	15	29	0	0	0	0	0
4	2	26	12	18	16	31	28	31	18	18	16	13	22	27	21	27	14	0	0	0	0	0	0
4	2	27	12	20	23	18	13	23	23	18	15	27	30	22	28	13	13	14	0	0	0	0	0
4	2	28	12	40	35	23	15	16	16	16	28	18	19	26	16	11	11	10	0	0	0	0	0
4	2	29	12	34	18	16	14	23	18	28	23	20	25	14	11	28	17	11	0	0	0	0	0
4	2	30	12	39	33	27	20	18	12	20	17	3	14	16	29	13	14	25	0	0	0	0	0
4	3	0	12	37	25	16	25	19	30	13	7	20	11	7	14	21	28	0	0	0	0	0	0
5	1	0	20	42	27	20	40	28	40	13	26	43	0	0	0	0	0	0	0	0	0	0	0
5	2	1	26	79	62	17	49	79	78	56	0	0	0	0	0	0	0	0	0	0	0	0	0
5	2	3	26	67	57	72	75	71	57	21	0	0	0	0	0	0	0	0	0	0	0	0	0
5	2	31	26	63	57	77	45	77	77	24	0	0	0	0	0	0	0	0	0	0	0	0	0
5	3	0	20	21	28	17	42	23	24	24	25	10	28	28	32	33	0	0	0	0	0	0	0
6	1	0	0	40	40	40	40	40	40	40	40	40	40	0	0	0	0	0	0	0	0	0	0
 </ContestKs>
 <ContestPilots>
1	13		Known	Freestyle	Unknown1				
1	14		Known	Freestyle	Unknown1				
1	15		Known	Freestyle	Unknown1				
1	16		Known	Freestyle	Unknown1				
1	17		Known	Freestyle	Unknown1				
2	5		Known	Freestyle	Unknown1				
2	13		Known	Freestyle	Unknown1				
2	18		Known	Freestyle	Unknown1				
2	19		Known	Freestyle	Unknown1				
2	20		Known	Freestyle	Unknown1				
2	21		Known	Freestyle	Unknown1				
2	22		Known	Freestyle	Unknown1				
2	23		Known	Freestyle	Unknown1				
3	2		Known	Freestyle	Unknown1				
3	4		Known	Freestyle	Unknown1				
3	7		Known	Freestyle	Unknown1				
3	24		Known	Freestyle	Unknown1				
4	9		Known	Freestyle	Unknown1				
4	10		Known	Freestyle	Unknown1				
4	11		Known	Freestyle	Unknown1				
4	12		Known	Freestyle	Unknown1				
4	25		Known	Freestyle	Unknown1				
4	26		Known	Freestyle	Unknown1				
4	27		Known	Freestyle	Unknown1				
4	28		Known	Freestyle	Unknown1				
4	29		Known	Freestyle	Unknown1				
4	30		Known	Freestyle	Unknown1				
5	1		Known	Freestyle	Unknown1				
5	3		Known	Freestyle	Unknown1				
5	31		Known	Freestyle	Unknown1				
 </ContestPilots>
 <PilotSubCategory>
 </PilotSubCategory>
 <ContestScores>
1	1	13	1	90	80	85	90	90	90	0	0	0	0	0	0	0	0	0	0	0	0	0	0	0
1	1	13	2	80	80	60	90	100	95	0	0	0	0	0	0	0	0	0	0	0	0	0	0	0
1	1	13	3	75	80	50	90	90	90	0	0	0	0	0	0	0	0	0	0	0	0	0	0	0
1	1	13	4	80	80	80	90	85	90	0	0	0	0	0	0	0	0	0	0	0	0	0	0	0
1	1	13	5	90	80	70	100	95	90	0	0	0	0	0	0	0	0	0	0	0	0	0	0	0
1	1	14	1	90	40	85	90	85	80	0	0	0	0	0	0	0	0	0	0	0	0	0	0	0
1	1	14	2	90	50	100	90	85	85	0	0	0	0	0	0	0	0	0	0	0	0	0	0	0
1	1	14	3	80	60	85	60	80	70	0	0	0	0	0	0	0	0	0	0	0	0	0	0	0
1	1	14	4	80	65	80	60	75	70	0	0	0	0	0	0	0	0	0	0	0	0	0	0	0
1	1	14	5	80	40	90	70	85	75	0	0	0	0	0	0	0	0	0	0	0	0	0	0	0
1	1	15	1	90	30	80	90	60	80	0	0	0	0	0	0	0	0	0	0	0	0	0	0	0
1	1	15	2	60	60	65	50	80	70	0	0	0	0	0	0	0	0	0	0	0	0	0	0	0
1	1	15	3	70	50	80	70	60	70	0	0	0	0	0	0	0	0	0	0	0	0	0	0	0
1	1	15	4	70	20	70	80	50	80	0	0	0	0	0	0	0	0	0	0	0	0	0	0	0
1	1	15	5	100	75	80	95	65	90	0	0	0	0	0	0	0	0	0	0	0	0	0	0	0
1	1	16	1	85	40	80	90	85	90	0	0	0	0	0	0	0	0	0	0	0	0	0	0	0
1	1	16	2	90	40	70	85	80	90	0	0	0	0	0	0	0	0	0	0	0	0	0	0	0
1	1	16	3	90	70	70	70	80	80	0	0	0	0	0	0	0	0	0	0	0	0	0	0	0
1	1	16	4	80	60	70	70	80	80	0	0	0	0	0	0	0	0	0	0	0	0	0	0	0
1	1	16	5	90	50	70	90	80	80	0	0	0	0	0	0	0	0	0	0	0	0	0	0	0
1	1	17	1	80	80	70	90	75	80	0	0	0	0	0	0	0	0	0	0	0	0	0	0	0
1	1	17	2	95	85	80	95	70	90	0	0	0	0	0	0	0	0	0	0	0	0	0	0	0
1	1	17	3	80	85	80	85	70	70	0	0	0	0	0	0	0	0	0	0	0	0	0	0	0
1	1	17	4	70	65	65	80	50	70	0	0	0	0	0	0	0	0	0	0	0	0	0	0	0
1	1	17	5	80	90	70	100	75	80	0	0	0	0	0	0	0	0	0	0	0	0	0	0	0
1	2	13	1	90	80	85	90	90	90	0	0	0	0	0	0	0	0	0	0	0	0	0	0	0
1	2	13	2	90	80	60	100	85	100	0	0	0	0	0	0	0	0	0	0	0	0	0	0	0
1	2	13	3	85	85	80	90	85	90	0	0	0	0	0	0	0	0	0	0	0	0	0	0	0
1	2	13	7	90	65	70	90	100	90	0	0	0	0	0	0	0	0	0	0	0	0	0	0	0
1	2	13	8	60	80	60	75	90	90	0	0	0	0	0	0	0	0	0	0	0	0	0	0	0
1	2	14	1	90	85	80	80	80	80	0	0	0	0	0	0	0	0	0	0	0	0	0	0	0
1	2	14	2	85	75	75	50	80	50	0	0	0	0	0	0	0	0	0	0	0	0	0	0	0
1	2	14	3	85	70	80	75	85	80	0	0	0	0	0	0	0	0	0	0	0	0	0	0	0
1	2	14	7	90	80	70	50	85	60	0	0	0	0	0	0	0	0	0	0	0	0	0	0	0
1	2	14	8	70	60	80	60	60	60	0	0	0	0	0	0	0	0	0	0	0	0	0	0	0
1	2	15	1	90	85	80	90	80	90	0	0	0	0	0	0	0	0	0	0	0	0	0	0	0
1	2	15	2	90	95	70	90	60	90	0	0	0	0	0	0	0	0	0	0	0	0	0	0	0
1	2	15	3	80	85	80	75	70	85	0	0	0	0	0	0	0	0	0	0	0	0	0	0	0
1	2	15	7	90	85	90	95	70	90	0	0	0	0	0	0	0	0	0	0	0	0	0	0	0
1	2	15	8	70	80	75	80	70	75	0	0	0	0	0	0	0	0	0	0	0	0	0	0	0
1	2	16	1	90	60	75	85	90	80	0	0	0	0	0	0	0	0	0	0	0	0	0	0	0
1	2	16	2	90	90	70	80	85	75	0	0	0	0	0	0	0	0	0	0	0	0	0	0	0
1	2	16	3	85	70	80	75	90	75	0	0	0	0	0	0	0	0	0	0	0	0	0	0	0
1	2	16	7	90	60	70	80	85	95	0	0	0	0	0	0	0	0	0	0	0	0	0	0	0
1	2	16	8	85	60	75	80	70	60	0	0	0	0	0	0	0	0	0	0	0	0	0	0	0
1	2	17	1	90	80	80	90	90	90	0	0	0	0	0	0	0	0	0	0	0	0	0	0	0
1	2	17	2	90	80	60	100	80	100	0	0	0	0	0	0	0	0	0	0	0	0	0	0	0
1	2	17	3	85	80	75	80	85	90	0	0	0	0	0	0	0	0	0	0	0	0	0	0	0
1	2	17	7	90	70	60	90	75	90	0	0	0	0	0	0	0	0	0	0	0	0	0	0	0
1	2	17	8	60	85	70	80	90	90	0	0	0	0	0	0	0	0	0	0	0	0	0	0	0
1	3	13	1	90	85	80	90	90	90	0	0	0	0	0	0	0	0	0	0	0	0	0	0	0
1	3	13	2	90	90	80	100	90	100	0	0	0	0	0	0	0	0	0	0	0	0	0	0	0
1	3	13	3	80	80	85	90	85	90	0	0	0	0	0	0	0	0	0	0	0	0	0	0	0
1	3	13	7	95	90	85	95	80	90	0	0	0	0	0	0	0	0	0	0	0	0	0	0	0
1	3	13	8	90	80	80	80	90	90	0	0	0	0	0	0	0	0	0	0	0	0	0	0	0
1	3	14	1	90	0	80	80	85	80	0	0	0	0	0	0	0	0	0	0	0	0	0	0	0
1	3	14	2	90	0	70	90	90	90	0	0	0	0	0	0	0	0	0	0	0	0	0	0	0
1	3	14	3	70	0	85	60	75	70	0	0	0	0	0	0	0	0	0	0	0	0	0	0	0
1	3	14	7	80	0	70	80	90	85	0	0	0	0	0	0	0	0	0	0	0	0	0	0	0
1	3	14	8	60	0	65	80	75	90	0	0	0	0	0	0	0	0	0	0	0	0	0	0	0
1	3	15	1	90	80	80	80	90	80	0	0	0	0	0	0	0	0	0	0	0	0	0	0	0
1	3	15	2	90	70	70	80	70	90	0	0	0	0	0	0	0	0	0	0	0	0	0	0	0
1	3	15	3	80	80	70	60	65	85	0	0	0	0	0	0	0	0	0	0	0	0	0	0	0
1	3	15	7	80	75	80	85	65	80	0	0	0	0	0	0	0	0	0	0	0	0	0	0	0
1	3	15	8	70	60	75	75	50	80	0	0	0	0	0	0	0	0	0	0	0	0	0	0	0
1	3	16	1	90	85	80	85	80	90	0	0	0	0	0	0	0	0	0	0	0	0	0	0	0
1	3	16	2	95	90	70	90	80	100	0	0	0	0	0	0	0	0	0	0	0	0	0	0	0
1	3	16	3	85	85	80	70	80	75	0	0	0	0	0	0	0	0	0	0	0	0	0	0	0
1	3	16	7	95	95	75	90	90	95	0	0	0	0	0	0	0	0	0	0	0	0	0	0	0
1	3	16	8	90	80	75	90	75	80	0	0	0	0	0	0	0	0	0	0	0	0	0	0	0
1	3	17	1	90	80	80	90	90	85	0	0	0	0	0	0	0	0	0	0	0	0	0	0	0
1	3	17	2	95	90	100	100	85	100	0	0	0	0	0	0	0	0	0	0	0	0	0	0	0
1	3	17	3	75	85	80	85	70	85	0	0	0	0	0	0	0	0	0	0	0	0	0	0	0
1	3	17	7	85	80	90	95	80	95	0	0	0	0	0	0	0	0	0	0	0	0	0	0	0
1	3	17	8	80	80	70	90	80	85	0	0	0	0	0	0	0	0	0	0	0	0	0	0	0
2	1	5	6	90	70	85	80	0	0	0	0	0	0	0	0	0	0	0	0	0	0	0	0	0
2	1	5	9	100	95	90	85	0	0	0	0	0	0	0	0	0	0	0	0	0	0	0	0	0
2	1	5	10	80	75	85	80	0	0	0	0	0	0	0	0	0	0	0	0	0	0	0	0	0
2	1	5	11	85	70	80	70	0	0	0	0	0	0	0	0	0	0	0	0	0	0	0	0	0
2	1	5	12	85	70	75	80	0	0	0	0	0	0	0	0	0	0	0	0	0	0	0	0	0
2	1	13	6	80	70	75	75	65	80	75	70	65	75	70	0	0	0	0	0	0	0	0	0	0
2	1	13	9	80	80	85	65	60	70	70	70	70	60	85	0	0	0	0	0	0	0	0	0	0
2	1	13	10	90	85	90	65	80	80	85	90	85	75	90	0	0	0	0	0	0	0	0	0	0
2	1	13	11	85	75	90	80	65	80	85	85	70	90	95	0	0	0	0	0	0	0	0	0	0
2	1	13	12	90	85	80	60	70	75	75	80	70	75	90	0	0	0	0	0	0	0	0	0	0
2	1	18	6	75	70	70	70	80	65	90	80	75	75	80	0	0	0	0	0	0	0	0	0	0
2	1	18	9	65	90	90	55	70	50	90	60	55	60	65	0	0	0	0	0	0	0	0	0	0
2	1	18	10	80	85	85	90	85	75	85	70	85	75	70	0	0	0	0	0	0	0	0	0	0
2	1	18	11	80	80	80	85	90	90	90	75	85	85	80	0	0	0	0	0	0	0	0	0	0
2	1	18	12	75	65	70	70	45	70	90	70	65	55	65	0	0	0	0	0	0	0	0	0	0
2	1	19	6	80	70	80	70	75	70	65	70	65	65	80	0	0	0	0	0	0	0	0	0	0
2	1	19	9	75	80	70	70	90	80	50	70	70	60	95	0	0	0	0	0	0	0	0	0	0
2	1	19	10	90	90	85	80	80	75	75	75	70	75	85	0	0	0	0	0	0	0	0	0	0
2	1	19	11	85	70	75	70	80	75	75	80	85	85	80	0	0	0	0	0	0	0	0	0	0
2	1	19	12	80	85	80	70	80	70	75	70	65	50	80	0	0	0	0	0	0	0	0	0	0
2	1	20	6	85	70	70	70	65	75	90	85	75	75	70	0	0	0	0	0	0	0	0	0	0
2	1	20	9	90	90	90	75	80	60	85	90	60	40	80	0	0	0	0	0	0	0	0	0	0
2	1	20	10	80	80	85	75	85	90	85	85	80	65	75	0	0	0	0	0	0	0	0	0	0
2	1	20	11	80	70	80	75	75	75	80	85	80	65	75	0	0	0	0	0	0	0	0	0	0
2	1	20	12	85	75	80	80	70	75	95	75	80	50	70	0	0	0	0	0	0	0	0	0	0
2	1	21	6	75	80	70	80	80	75	90	60	45	80	85	0	0	0	0	0	0	0	0	0	0
2	1	21	9	80	90	70	80	70	55	90	40	40	80	100	0	0	0	0	0	0	0	0	0	0
2	1	21	10	80	85	80	85	80	65	90	70	65	85	90	0	0	0	0	0	0	0	0	0	0
2	1	21	11	75	80	80	80	70	75	80	80	65	80	85	0	0	0	0	0	0	0	0	0	0
2	1	21	12	90	80	75	75	75	70	80	65	70	80	95	0	0	0	0	0	0	0	0	0	0
2	1	22	6	70	70	65	50	0	0	90	45	45	0	60	0	0	0	0	0	0	0	0	0	0
2	1	22	9	50	30	50	40	0	0	75	30	50	0	75	0	0	0	0	0	0	0	0	0	0
2	1	22	10	60	20	75	55	0	0	80	30	50	0	70	0	0	0	0	0	0	0	0	0	0
2	1	22	11	65	60	70	65	0	0	85	50	50	0	75	0	0	0	0	0	0	0	0	0	0
2	1	22	12	75	20	60	40	0	0	65	30	30	0	75	0	0	0	0	0	0	0	0	0	0
2	1	23	6	70	70	85	85	80	70	85	65	65	70	70	0	0	0	0	0	0	0	0	0	0
2	1	23	9	40	75	80	85	80	75	50	60	70	75	90	0	0	0	0	0	0	0	0	0	0
2	1	23	10	80	80	90	85	80	65	70	60	65	70	80	0	0	0	0	0	0	0	0	0	0
2	1	23	11	70	80	85	85	65	75	90	60	70	75	75	0	0	0	0	0	0	0	0	0	0
2	1	23	12	80	70	70	90	40	60	65	70	60	60	80	0	0	0	0	0	0	0	0	0	0
2	2	5	6	85	80	75	85	90	75	90	75	40	80	90	0	0	0	0	0	0	0	0	0	0
2	2	5	8	90	80	80	90	70	60	70	70	55	90	60	0	0	0	0	0	0	0	0	0	0
2	2	5	9	75	95	80	70	40	70	60	80	65	70	75	0	0	0	0	0	0	0	0	0	0
2	2	5	10	90	90	90	80	90	75	90	85	80	85	85	0	0	0	0	0	0	0	0	0	0
2	2	5	11	75	80	85	75	75	95	95	75	75	80	90	0	0	0	0	0	0	0	0	0	0
2	2	13	6	80	90	80	75	80	75	80	80	70	85	75	0	0	0	0	0	0	0	0	0	0
2	2	13	8	80	70	90	80	75	80	70	60	60	80	90	0	0	0	0	0	0	0	0	0	0
2	2	13	9	70	90	85	90	90	80	85	70	80	50	80	0	0	0	0	0	0	0	0	0	0
2	2	13	10	85	85	90	80	90	85	75	85	85	85	90	0	0	0	0	0	0	0	0	0	0
2	2	13	11	85	85	80	80	85	80	90	75	75	85	95	0	0	0	0	0	0	0	0	0	0
2	2	18	6	90	75	80	80	85	75	80	85	75	80	80	0	0	0	0	0	0	0	0	0	0
2	2	18	8	65	85	80	60	90	60	80	70	80	60	85	0	0	0	0	0	0	0	0	0	0
2	2	18	9	80	85	70	50	70	65	70	95	65	70	80	0	0	0	0	0	0	0	0	0	0
2	2	18	10	90	90	90	70	85	90	90	95	85	80	95	0	0	0	0	0	0	0	0	0	0
2	2	18	11	80	95	95	80	85	80	80	80	85	75	90	0	0	0	0	0	0	0	0	0	0
2	2	19	6	85	85	80	75	65	0	80	70	45	70	80	0	0	0	0	0	0	0	0	0	0
2	2	19	8	75	75	75	80	90	0	80	65	70	70	80	0	0	0	0	0	0	0	0	0	0
2	2	19	9	80	70	85	85	100	0	80	70	75	70	95	0	0	0	0	0	0	0	0	0	0
2	2	19	10	80	80	85	90	80	0	90	75	85	75	85	0	0	0	0	0	0	0	0	0	0
2	2	19	11	75	85	80	95	90	0	90	75	85	80	90	0	0	0	0	0	0	0	0	0	0
2	2	20	6	85	80	75	65	80	85	90	85	80	75	80	0	0	0	0	0	0	0	0	0	0
2	2	20	8	70	75	80	50	80	80	90	80	70	75	70	0	0	0	0	0	0	0	0	0	0
2	2	20	9	75	90	90	10	65	70	60	80	60	85	75	0	0	0	0	0	0	0	0	0	0
2	2	20	10	90	90	95	70	85	90	85	95	85	85	75	0	0	0	0	0	0	0	0	0	0
2	2	20	11	85	90	90	85	85	90	90	90	85	85	85	0	0	0	0	0	0	0	0	0	0
2	2	21	6	90	75	100	80	80	75	85	75	75	75	85	0	0	0	0	0	0	0	0	0	0
2	2	21	8	85	70	80	90	80	60	90	70	70	70	90	0	0	0	0	0	0	0	0	0	0
2	2	21	9	85	90	95	60	70	70	95	65	70	70	85	0	0	0	0	0	0	0	0	0	0
2	2	21	10	90	90	90	80	85	95	95	90	85	85	95	0	0	0	0	0	0	0	0	0	0
2	2	21	11	85	85	95	90	85	90	85	80	90	85	95	0	0	0	0	0	0	0	0	0	0
2	2	22	6	70	75	65	70	65	65	60	0	45	70	75	0	0	0	0	0	0	0	0	0	0
2	2	22	8	50	60	65	60	50	70	60	0	80	55	60	0	0	0	0	0	0	0	0	0	0
2	2	22	9	40	65	50	60	30	40	50	0	60	30	60	0	0	0	0	0	0	0	0	0	0
2	2	22	10	40	75	75	60	65	70	75	0	65	50	75	0	0	0	0	0	0	0	0	0	0
2	2	22	11	70	80	75	80	80	70	70	0	65	75	70	0	0	0	0	0	0	0	0	0	0
2	2	23	6	75	65	85	75	85	80	90	80	55	80	100	0	0	0	0	0	0	0	0	0	0
2	2	23	8	85	85	85	80	85	75	90	85	85	80	90	0	0	0	0	0	0	0	0	0	0
2	2	23	9	60	90	90	75	60	65	55	60	65	70	100	0	0	0	0	0	0	0	0	0	0
2	2	23	10	70	85	90	75	80	85	90	85	90	85	85	0	0	0	0	0	0	0	0	0	0
2	2	23	11	80	85	85	80	90	90	80	75	80	85	85	0	0	0	0	0	0	0	0	0	0
2	3	5	6	80	85	80	85	45	75	100	75	65	70	85	0	0	0	0	0	0	0	0	0	0
2	3	5	8	80	80	75	85	70	60	75	80	75	90	65	0	0	0	0	0	0	0	0	0	0
2	3	5	10	90	95	90	80	75	85	90	95	80	85	85	0	0	0	0	0	0	0	0	0	0
2	3	5	11	80	90	90	85	65	90	95	85	70	95	85	0	0	0	0	0	0	0	0	0	0
2	3	5	12	90	80	90	85	50	75	75	85	75	80	75	0	0	0	0	0	0	0	0	0	0
2	3	13	6	70	80	80	85	60	75	75	85	65	70	85	0	0	0	0	0	0	0	0	0	0
2	3	13	8	60	80	80	90	70	75	90	75	80	50	80	0	0	0	0	0	0	0	0	0	0
2	3	13	10	90	90	95	85	85	90	90	90	85	70	85	0	0	0	0	0	0	0	0	0	0
2	3	13	11	80	95	90	85	80	90	95	85	70	80	90	0	0	0	0	0	0	0	0	0	0
2	3	13	12	95	90	85	90	70	90	95	90	75	70	100	0	0	0	0	0	0	0	0	0	0
2	3	18	6	75	80	75	80	65	70	75	80	70	85	70	0	0	0	0	0	0	0	0	0	0
2	3	18	8	80	80	80	60	60	90	80	80	70	80	70	0	0	0	0	0	0	0	0	0	0
2	3	18	10	80	85	85	75	80	85	85	80	75	75	85	0	0	0	0	0	0	0	0	0	0
2	3	18	11	75	85	95	85	65	85	90	90	85	90	80	0	0	0	0	0	0	0	0	0	0
2	3	18	12	80	85	85	70	80	75	85	85	85	80	75	0	0	0	0	0	0	0	0	0	0
2	3	19	6	0	0	0	0	0	0	0	0	0	0	0	0	0	0	0	0	0	0	0	0	0
2	3	19	8	0	0	0	0	0	0	0	0	0	0	0	0	0	0	0	0	0	0	0	0	0
2	3	19	10	0	0	0	0	0	0	0	0	0	0	0	0	0	0	0	0	0	0	0	0	0
2	3	19	11	0	0	0	0	0	0	0	0	0	0	0	0	0	0	0	0	0	0	0	0	0
2	3	19	12	0	0	0	0	0	0	0	0	0	0	0	0	0	0	0	0	0	0	0	0	0
2	3	20	6	85	80	75	80	85	85	80	80	65	80	75	0	0	0	0	0	0	0	0	0	0
2	3	20	8	90	80	80	80	90	80	90	75	90	90	75	0	0	0	0	0	0	0	0	0	0
2	3	20	10	80	90	85	90	80	85	90	90	90	85	80	0	0	0	0	0	0	0	0	0	0
2	3	20	11	80	80	75	85	85	85	80	95	85	90	85	0	0	0	0	0	0	0	0	0	0
2	3	20	12	90	80	80	75	75	80	90	85	80	85	75	0	0	0	0	0	0	0	0	0	0
2	3	21	6	90	70	80	75	70	85	75	70	80	80	90	0	0	0	0	0	0	0	0	0	0
2	3	21	8	60	80	75	60	80	85	90	60	50	85	80	0	0	0	0	0	0	0	0	0	0
2	3	21	10	90	85	85	75	85	85	90	85	85	85	95	0	0	0	0	0	0	0	0	0	0
2	3	21	11	80	80	75	70	75	80	90	85	85	85	90	0	0	0	0	0	0	0	0	0	0
2	3	21	12	80	85	85	85	80	75	80	70	70	85	75	0	0	0	0	0	0	0	0	0	0
2	3	22	6	70	75	75	65	30	60	85	0	50	60	70	0	0	0	0	0	0	0	0	0	0
2	3	22	8	50	70	70	70	60	50	90	0	30	60	80	0	0	0	0	0	0	0	0	0	0
2	3	22	10	40	75	70	60	60	75	85	0	35	20	80	0	0	0	0	0	0	0	0	0	0
2	3	22	11	65	85	75	60	65	75	90	0	50	65	75	0	0	0	0	0	0	0	0	0	0
2	3	22	12	70	55	60	80	40	65	75	0	30	40	60	0	0	0	0	0	0	0	0	0	0
2	3	23	6	70	70	75	70	80	70	70	70	65	65	85	0	0	0	0	0	0	0	0	0	0
2	3	23	8	40	85	80	60	90	60	85	70	80	70	80	0	0	0	0	0	0	0	0	0	0
2	3	23	10	70	70	80	75	80	75	85	70	75	70	85	0	0	0	0	0	0	0	0	0	0
2	3	23	11	70	75	80	70	80	75	75	75	80	65	90	0	0	0	0	0	0	0	0	0	0
2	3	23	12	80	75	70	65	90	75	75	70	60	70	90	0	0	0	0	0	0	0	0	0	0
3	1	2	6	85	80	0	75	70	75	75	75	75	85	70	0	75	70	0	0	0	0	0	0	0
3	1	2	9	85	70	0	80	80	85	90	90	80	90	70	0	75	70	0	0	0	0	0	0	0
3	1	2	10	80	85	0	70	75	85	85	80	90	90	85	0	80	90	0	0	0	0	0	0	0
3	1	2	11	80	80	0	70	85	75	90	70	75	75	85	0	80	75	0	0	0	0	0	0	0
3	1	2	12	80	90	0	70	70	65	80	90	70	70	60	0	75	70	0	0	0	0	0	0	0
3	1	4	6	90	75	90	80	70	75	85	80	80	75	75	70	80	90	0	0	0	0	0	0	0
3	1	4	9	80	85	90	95	70	90	80	80	100	100	80	50	95	90	0	0	0	0	0	0	0
3	1	4	10	90	90	90	85	85	85	80	75	90	90	85	80	95	90	0	0	0	0	0	0	0
3	1	4	11	85	75	95	80	85	80	90	80	85	95	75	70	80	95	0	0	0	0	0	0	0
3	1	4	12	85	80	95	75	80	80	70	75	80	85	75	75	85	95	0	0	0	0	0	0	0
3	1	7	6	90	80	85	80	85	90	0	75	80	80	80	70	90	75	0	0	0	0	0	0	0
3	1	7	9	60	70	60	80	50	75	0	85	80	85	70	75	90	80	0	0	0	0	0	0	0
3	1	7	10	80	85	80	75	80	85	0	85	85	80	85	80	85	90	0	0	0	0	0	0	0
3	1	7	11	70	70	85	75	75	80	0	70	75	90	65	70	85	80	0	0	0	0	0	0	0
3	1	7	12	75	85	85	75	95	85	0	75	80	75	60	65	80	95	0	0	0	0	0	0	0
3	1	24	6	85	80	80	80	90	80	85	85	75	75	85	75	90	85	0	0	0	0	0	0	0
3	1	24	9	75	90	70	80	90	85	100	85	90	90	100	65	90	90	0	0	0	0	0	0	0
3	1	24	10	90	90	90	80	90	75	80	90	85	85	75	70	85	90	0	0	0	0	0	0	0
3	1	24	11	85	85	90	80	90	95	80	80	80	85	75	80	90	90	0	0	0	0	0	0	0
3	1	24	12	85	90	90	80	95	75	80	85	75	75	70	75	80	90	0	0	0	0	0	0	0
3	2	2	6	85	75	85	70	80	75	75	90	85	80	75	85	75	90	80	0	0	0	0	0	0
3	2	2	8	80	80	80	85	80	70	80	80	85	90	90	80	80	80	80	0	0	0	0	0	0
3	2	2	9	95	70	90	70	80	100	70	100	80	90	80	90	90	100	80	0	0	0	0	0	0
3	2	2	10	90	85	85	85	85	95	90	85	80	80	90	85	80	85	95	0	0	0	0	0	0
3	2	2	11	85	85	90	80	80	85	80	90	85	95	90	85	90	90	85	0	0	0	0	0	0
3	2	4	6	85	80	80	75	85	90	75	80	80	90	85	85	80	90	75	85	0	0	0	0	0
3	2	4	8	90	85	90	85	80	90	75	85	85	90	90	70	80	90	70	95	0	0	0	0	0
3	2	4	9	90	90	95	90	90	80	85	75	80	95	100	90	80	95	90	95	0	0	0	0	0
3	2	4	10	90	95	85	85	90	85	85	90	95	85	95	80	85	95	85	90	0	0	0	0	0
3	2	4	11	85	90	95	85	85	90	80	85	90	85	90	80	95	95	80	95	0	0	0	0	0
3	2	7	6	80	80	75	55	80	90	85	75	80	85	85	75	100	0	0	0	0	0	0	0	0
3	2	7	8	80	60	75	60	65	90	90	75	100	75	70	80	100	0	0	0	0	0	0	0	0
3	2	7	9	85	65	70	55	50	90	90	70	100	70	65	90	90	0	0	0	0	0	0	0	0
3	2	7	10	80	70	75	70	85	90	85	95	95	75	75	85	95	0	0	0	0	0	0	0	0
3	2	7	11	75	85	85	95	90	90	95	85	95	85	85	90	95	0	0	0	0	0	0	0	0
3	2	24	6	85	80	90	80	85	85	90	90	85	80	90	85	85	70	75	70	0	0	0	0	0
3	2	24	8	85	85	90	70	90	90	80	90	90	85	90	75	80	80	80	75	0	0	0	0	0
3	2	24	9	95	100	100	80	90	90	90	100	85	90	100	70	85	80	90	80	0	0	0	0	0
3	2	24	10	85	90	80	85	85	90	90	90	90	85	90	90	90	85	80	75	0	0	0	0	0
3	2	24	11	70	95	85	95	95	90	85	90	90	90	95	85	80	90	80	75	0	0	0	0	0
3	3	2	6	90	85	70	70	85	85	85	80	80	90	75	85	0	0	0	0	0	0	0	0	0
3	3	2	8	75	70	90	80	80	75	80	75	80	65	65	85	0	0	0	0	0	0	0	0	0
3	3	2	10	90	90	90	85	90	85	90	85	80	80	80	95	0	0	0	0	0	0	0	0	0
3	3	2	11	75	95	85	80	90	90	90	80	85	85	85	90	0	0	0	0	0	0	0	0	0
3	3	2	12	90	95	75	75	95	80	90	80	75	85	75	90	0	0	0	0	0	0	0	0	0
3	3	4	6	80	70	80	0	70	80	85	75	75	75	85	90	0	0	0	0	0	0	0	0	0
3	3	4	8	90	80	75	0	90	65	90	70	70	85	85	95	0	0	0	0	0	0	0	0	0
3	3	4	10	90	90	85	0	95	85	90	85	85	90	90	90	0	0	0	0	0	0	0	0	0
3	3	4	11	75	85	85	0	90	85	90	85	80	90	85	85	0	0	0	0	0	0	0	0	0
3	3	4	12	90	80	75	0	95	80	90	85	90	95	95	95	0	0	0	0	0	0	0	0	0
3	3	7	6	75	80	75	80	90	80	75	65	75	75	80	90	0	0	0	0	0	0	0	0	0
3	3	7	8	75	70	80	60	80	90	85	70	65	85	65	90	0	0	0	0	0	0	0	0	0
3	3	7	10	90	90	75	75	90	85	80	75	80	85	90	85	0	0	0	0	0	0	0	0	0
3	3	7	11	75	90	80	80	95	90	85	75	80	85	90	95	0	0	0	0	0	0	0	0	0
3	3	7	12	90	80	90	90	100	85	95	65	75	90	85	95	0	0	0	0	0	0	0	0	0
3	3	24	6	80	70	65	80	85	80	90	70	75	90	75	80	0	0	0	0	0	0	0	0	0
3	3	24	8	85	75	70	80	90	80	90	75	80	90	90	90	0	0	0	0	0	0	0	0	0
3	3	24	10	80	85	75	90	85	85	90	75	85	90	90	90	0	0	0	0	0	0	0	0	0
3	3	24	11	75	90	80	85	90	95	90	85	90	85	75	90	0	0	0	0	0	0	0	0	0
3	3	24	12	90	85	75	85	95	85	95	60	80	85	90	85	0	0	0	0	0	0	0	0	0
4	1	9	1	80	70	80	75	70	80	75	80	75	80	0	0	0	0	0	0	0	0	0	0	0
4	1	9	2	95	80	75	70	50	90	70	100	80	80	0	0	0	0	0	0	0	0	0	0	0
4	1	9	3	80	85	80	80	80	75	75	85	85	70	0	0	0	0	0	0	0	0	0	0	0
4	1	9	4	80	70	80	90	70	95	70	100	80	75	0	0	0	0	0	0	0	0	0	0	0
4	1	9	5	95	85	85	75	75	80	75	90	95	90	0	0	0	0	0	0	0	0	0	0	0
4	1	10	1	85	85	85	80	70	85	60	80	85	70	0	0	0	0	0	0	0	0	0	0	0
4	1	10	2	90	75	70	70	60	75	65	95	75	80	0	0	0	0	0	0	0	0	0	0	0
4	1	10	3	85	85	75	80	60	80	70	85	75	75	0	0	0	0	0	0	0	0	0	0	0
4	1	10	4	80	70	80	85	50	80	30	80	90	60	0	0	0	0	0	0	0	0	0	0	0
4	1	10	5	85	85	80	90	65	75	85	90	90	75	0	0	0	0	0	0	0	0	0	0	0
4	1	11	1	80	80	80	60	60	80	80	80	80	75	0	0	0	0	0	0	0	0	0	0	0
4	1	11	2	40	65	70	60	60	70	80	100	70	85	0	0	0	0	0	0	0	0	0	0	0
4	1	11	3	75	80	75	75	75	85	70	85	75	80	0	0	0	0	0	0	0	0	0	0	0
4	1	11	4	80	70	70	70	50	90	80	90	80	75	0	0	0	0	0	0	0	0	0	0	0
4	1	11	5	80	90	75	70	70	80	80	95	85	90	0	0	0	0	0	0	0	0	0	0	0
4	1	12	1	80	80	80	60	30	80	70	80	75	80	0	0	0	0	0	0	0	0	0	0	0
4	1	12	2	90	80	90	70	50	80	75	100	70	80	0	0	0	0	0	0	0	0	0	0	0
4	1	12	3	70	80	80	80	70	85	75	85	75	80	0	0	0	0	0	0	0	0	0	0	0
4	1	12	4	80	80	80	70	50	100	70	90	80	80	0	0	0	0	0	0	0	0	0	0	0
4	1	12	5	85	80	80	70	50	80	70	90	90	90	0	0	0	0	0	0	0	0	0	0	0
4	1	25	1	75	80	75	70	65	85	50	70	85	80	0	0	0	0	0	0	0	0	0	0	0
4	1	25	2	80	70	90	70	60	85	90	100	70	80	0	0	0	0	0	0	0	0	0	0	0
4	1	25	3	70	85	80	70	60	80	70	80	75	75	0	0	0	0	0	0	0	0	0	0	0
4	1	25	4	60	70	70	70	50	90	70	90	80	75	0	0	0	0	0	0	0	0	0	0	0
4	1	25	5	80	80	90	75	60	85	80	95	90	80	0	0	0	0	0	0	0	0	0	0	0
4	1	26	1	80	85	80	70	60	80	85	85	80	90	0	0	0	0	0	0	0	0	0	0	0
4	1	26	2	90	75	85	50	50	80	75	100	65	85	0	0	0	0	0	0	0	0	0	0	0
4	1	26	3	75	80	85	75	70	85	80	85	70	85	0	0	0	0	0	0	0	0	0	0	0
4	1	26	4	90	70	70	50	60	85	90	90	80	80	0	0	0	0	0	0	0	0	0	0	0
4	1	26	5	90	90	85	75	65	90	85	90	80	95	0	0	0	0	0	0	0	0	0	0	0
4	1	27	1	70	80	60	60	40	80	70	80	80	0	0	0	0	0	0	0	0	0	0	0	0
4	1	27	2	70	90	80	60	40	80	70	80	75	0	0	0	0	0	0	0	0	0	0	0	0
4	1	27	3	65	80	60	80	65	75	75	85	75	0	0	0	0	0	0	0	0	0	0	0	0
4	1	27	4	70	80	60	85	65	80	80	90	75	0	0	0	0	0	0	0	0	0	0	0	0
4	1	27	5	80	80	70	80	60	75	85	90	80	0	0	0	0	0	0	0	0	0	0	0	0
4	1	28	1	90	85	80	80	60	90	90	90	85	80	0	0	0	0	0	0	0	0	0	0	0
4	1	28	2	90	65	80	70	40	90	85	100	75	80	0	0	0	0	0	0	0	0	0	0	0
4	1	28	3	80	80	80	80	65	85	80	90	85	80	0	0	0	0	0	0	0	0	0	0	0
4	1	28	4	90	80	90	80	60	90	85	100	90	80	0	0	0	0	0	0	0	0	0	0	0
4	1	28	5	90	80	85	75	70	95	90	100	80	90	0	0	0	0	0	0	0	0	0	0	0
4	1	29	1	80	80	80	75	50	80	30	70	80	75	0	0	0	0	0	0	0	0	0	0	0
4	1	29	2	70	85	80	60	50	80	65	100	80	70	0	0	0	0	0	0	0	0	0	0	0
4	1	29	3	70	85	80	50	50	80	70	85	70	75	0	0	0	0	0	0	0	0	0	0	0
4	1	29	4	60	70	65	70	50	80	60	80	80	70	0	0	0	0	0	0	0	0	0	0	0
4	1	29	5	70	85	80	65	60	80	70	95	85	80	0	0	0	0	0	0	0	0	0	0	0
4	1	30	1	75	70	75	80	70	85	70	90	85	80	0	0	0	0	0	0	0	0	0	0	0
4	1	30	2	95	50	70	65	50	95	90	100	50	90	0	0	0	0	0	0	0	0	0	0	0
4	1	30	3	75	75	75	70	80	85	80	80	75	80	0	0	0	0	0	0	0	0	0	0	0
4	1	30	4	80	55	70	70	70	80	60	90	80	85	0	0	0	0	0	0	0	0	0	0	0
4	1	30	5	80	65	80	75	60	80	75	90	70	85	0	0	0	0	0	0	0	0	0	0	0
4	2	9	1	90	80	85	80	85	80	80	80	85	80	70	80	85	80	90	90	0	0	0	0	0
4	2	9	2	90	70	80	75	100	60	80	80	80	95	70	85	80	85	80	100	0	0	0	0	0
4	2	9	3	90	75	70	85	85	80	85	85	75	80	80	75	80	75	85	90	0	0	0	0	0
4	2	9	7	95	90	70	80	90	85	70	70	90	85	80	85	80	70	85	90	0	0	0	0	0
4	2	9	8	85	70	70	75	85	90	60	70	90	90	75	80	80	80	90	95	0	0	0	0	0
4	2	10	1	90	80	90	80	90	0	0	50	80	75	85	80	80	90	80	70	0	0	0	0	0
4	2	10	2	90	80	80	75	100	0	0	70	80	75	75	80	90	100	100	85	0	0	0	0	0
4	2	10	3	80	80	85	80	85	0	0	85	80	75	80	80	80	75	75	75	0	0	0	0	0
4	2	10	7	70	85	80	85	90	0	0	85	90	60	70	85	70	90	70	80	0	0	0	0	0
4	2	10	8	70	70	90	80	85	0	0	80	80	80	80	70	70	90	80	90	0	0	0	0	0
4	2	11	1	90	90	85	70	85	70	75	85	80	85	90	80	80	30	80	90	0	0	0	0	0
4	2	11	2	95	75	85	85	90	70	70	50	80	80	70	90	85	100	85	100	0	0	0	0	0
4	2	11	3	80	80	85	80	85	75	75	75	70	80	80	75	85	70	80	85	0	0	0	0	0
4	2	11	7	85	95	90	85	90	60	80	70	60	90	75	70	90	30	80	90	0	0	0	0	0
4	2	11	8	65	90	80	75	85	70	75	80	70	85	80	90	85	70	90	90	0	0	0	0	0
4	2	12	1	90	75	80	90	75	80	80	80	90	75	80	75	80	90	70	80	0	0	0	0	0
4	2	12	2	90	70	40	90	65	75	70	20	100	75	80	70	70	85	80	90	0	0	0	0	0
4	2	12	3	85	80	75	85	75	80	80	80	85	70	80	75	85	75	80	80	0	0	0	0	0
4	2	12	7	90	80	75	90	60	85	80	75	80	85	75	70	85	85	80	90	0	0	0	0	0
4	2	12	8	85	70	70	85	80	90	75	80	80	80	70	80	80	90	85	70	0	0	0	0	0
4	2	25	1	85	90	85	80	80	80	70	80	75	70	85	90	80	80	80	80	0	0	0	0	0
4	2	25	2	90	85	70	75	60	85	90	75	70	85	70	100	85	90	65	80	0	0	0	0	0
4	2	25	3	75	85	90	75	80	80	85	85	70	80	85	85	80	70	80	80	0	0	0	0	0
4	2	25	7	80	90	80	75	80	75	70	90	75	70	80	90	70	80	85	75	0	0	0	0	0
4	2	25	8	85	80	90	80	80	65	85	90	60	75	80	90	80	70	90	80	0	0	0	0	0
4	2	26	1	90	85	75	80	85	90	80	75	90	70	80	85	90	80	90	0	0	0	0	0	0
4	2	26	2	90	90	50	85	60	95	90	60	90	80	80	80	80	80	90	0	0	0	0	0	0
4	2	26	3	85	85	80	80	80	85	80	75	80	80	85	80	85	80	85	0	0	0	0	0	0
4	2	26	7	95	90	80	80	85	90	90	70	80	80	90	80	85	85	85	0	0	0	0	0	0
4	2	26	8	90	80	80	80	75	80	80	75	90	75	80	85	65	90	90	0	0	0	0	0	0
4	2	27	1	90	80	85	80	70	80	80	80	90	75	80	80	80	90	70	80	0	0	0	0	0
4	2	27	2	80	85	90	90	80	90	85	70	90	70	85	65	85	85	80	90	0	0	0	0	0
4	2	27	3	85	80	80	85	75	80	85	80	85	80	75	80	85	80	80	80	0	0	0	0	0
4	2	27	7	80	85	90	70	65	70	80	75	70	60	70	85	70	80	90	70	0	0	0	0	0
4	2	27	8	70	80	80	80	70	70	90	70	85	80	70	80	75	90	90	80	0	0	0	0	0
4	2	28	1	90	85	85	80	85	90	90	85	85	90	85	85	90	90	85	90	0	0	0	0	0
4	2	28	2	90	85	80	80	85	85	85	90	90	50	80	85	90	90	100	90	0	0	0	0	0
4	2	28	3	85	85	85	85	80	80	85	80	75	85	90	75	80	85	90	90	0	0	0	0	0
4	2	28	7	90	90	95	80	95	90	85	90	95	80	80	90	90	85	85	90	0	0	0	0	0
4	2	28	8	80	70	75	70	90	90	80	90	80	80	85	80	80	90	85	85	0	0	0	0	0
4	2	29	1	85	75	80	85	90	85	80	85	90	80	85	90	90	80	80	90	0	0	0	0	0
4	2	29	2	80	75	70	70	85	60	55	70	70	70	80	80	80	80	85	100	0	0	0	0	0
4	2	29	3	75	80	80	70	85	70	75	80	85	85	90	80	85	85	80	90	0	0	0	0	0
4	2	29	7	85	90	70	80	85	65	85	90	90	85	85	90	90	85	80	80	0	0	0	0	0
4	2	29	8	80	80	80	70	90	70	90	70	85	75	90	90	80	95	90	90	0	0	0	0	0
4	2	30	1	85	80	70	80	80	90	90	70	80	90	80	75	80	65	80	75	0	0	0	0	0
4	2	30	2	90	80	75	80	85	90	100	70	70	90	75	70	75	85	75	75	0	0	0	0	0
4	2	30	3	85	85	70	80	85	80	90	75	80	90	75	75	75	70	50	80	0	0	0	0	0
4	2	30	7	90	85	75	80	75	90	95	80	90	95	75	90	95	90	75	75	0	0	0	0	0
4	2	30	8	80	70	70	90	75	80	80	65	90	90	85	95	60	80	80	75	0	0	0	0	0
4	3	9	1	80	85	80	80	85	85	70	50	80	60	70	70	85	70	75	0	0	0	0	0	0
4	3	9	2	95	75	85	70	100	70	50	50	100	70	70	85	75	60	75	0	0	0	0	0	0
4	3	9	3	80	85	80	80	80	80	50	50	80	65	60	80	80	75	80	0	0	0	0	0	0
4	3	9	7	95	85	85	80	90	80	70	80	90	80	90	95	90	80	95	0	0	0	0	0	0
4	3	9	8	80	70	90	75	80	80	60	90	90	70	90	90	85	70	75	0	0	0	0	0	0
4	3	10	1	70	80	0	75	80	65	80	60	0	0	0	90	85	70	50	0	0	0	0	0	0
4	3	10	2	80	85	0	65	75	70	65	90	0	0	0	90	80	60	50	0	0	0	0	0	0
4	3	10	3	50	70	0	60	70	60	70	80	0	0	0	80	80	75	50	0	0	0	0	0	0
4	3	10	7	70	85	0	85	80	60	80	75	0	0	0	85	80	70	50	0	0	0	0	0	0
4	3	10	8	60	70	0	65	60	70	75	90	0	0	0	90	90	70	65	0	0	0	0	0	0
4	3	11	1	80	50	0	70	75	65	80	70	80	50	60	70	80	80	75	0	0	0	0	0	0
4	3	11	2	80	50	0	80	85	60	70	90	75	50	60	70	70	60	60	0	0	0	0	0	0
4	3	11	3	70	50	0	75	75	70	50	70	75	50	50	80	80	75	70	0	0	0	0	0	0
4	3	11	7	85	80	0	80	80	70	70	90	90	60	80	80	85	70	75	0	0	0	0	0	0
4	3	11	8	60	50	0	90	80	75	50	70	85	50	85	70	80	80	65	0	0	0	0	0	0
4	3	12	1	85	70	80	80	85	75	75	70	80	50	55	80	85	70	80	0	0	0	0	0	0
4	3	12	2	90	70	80	85	95	70	50	80	90	60	80	90	90	75	85	0	0	0	0	0	0
4	3	12	3	85	60	75	75	80	75	70	80	80	75	80	80	80	75	85	0	0	0	0	0	0
4	3	12	7	90	65	70	80	85	70	75	85	90	70	80	65	80	80	90	0	0	0	0	0	0
4	3	12	8	80	65	75	90	80	70	70	75	80	85	80	85	90	65	80	0	0	0	0	0	0
4	3	25	1	80	70	0	70	75	65	0	0	0	0	50	80	80	75	80	0	0	0	0	0	0
4	3	25	2	80	65	0	70	85	70	0	0	0	0	60	75	80	65	70	0	0	0	0	0	0
4	3	25	3	80	80	0	70	75	75	0	0	0	0	60	70	75	80	80	0	0	0	0	0	0
4	3	25	7	75	85	0	85	80	70	0	0	0	0	70	80	80	55	60	0	0	0	0	0	0
4	3	25	8	80	65	0	90	70	80	0	0	0	0	50	80	80	70	80	0	0	0	0	0	0
4	3	26	1	80	85	80	80	90	75	80	80	80	60	70	80	80	70	85	0	0	0	0	0	0
4	3	26	2	90	85	75	80	95	70	70	60	90	50	60	80	85	65	75	0	0	0	0	0	0
4	3	26	3	85	85	80	75	85	70	70	60	80	50	70	80	80	70	75	0	0	0	0	0	0
4	3	26	7	80	95	80	90	90	70	75	80	75	80	60	85	90	85	85	0	0	0	0	0	0
4	3	26	8	70	80	80	80	85	75	70	50	60	50	60	85	80	60	65	0	0	0	0	0	0
4	3	27	1	80	75	85	80	80	70	80	65	80	60	60	75	80	70	80	0	0	0	0	0	0
4	3	27	2	85	75	85	80	75	70	65	80	80	50	50	75	60	60	70	0	0	0	0	0	0
4	3	27	3	85	75	80	80	75	70	70	70	80	60	60	75	75	75	75	0	0	0	0	0	0
4	3	27	7	80	70	85	80	80	65	80	60	90	90	80	80	75	75	90	0	0	0	0	0	0
4	3	27	8	65	80	80	90	80	90	90	75	75	60	80	90	80	60	80	0	0	0	0	0	0
4	3	28	1	90	85	70	80	90	85	85	90	70	70	75	80	85	80	85	0	0	0	0	0	0
4	3	28	2	95	90	80	85	90	80	80	90	100	60	70	85	80	85	70	0	0	0	0	0	0
4	3	28	3	90	85	80	80	80	80	70	80	80	70	80	75	80	70	80	0	0	0	0	0	0
4	3	28	7	95	95	80	90	85	85	95	85	80	85	90	90	85	95	95	0	0	0	0	0	0
4	3	28	8	60	65	90	90	90	80	80	80	80	80	85	90	80	85	85	0	0	0	0	0	0
4	3	29	1	80	70	50	70	60	75	70	0	70	50	80	80	80	85	0	0	0	0	0	0	0
4	3	29	2	80	80	70	70	65	75	70	0	70	50	80	70	70	80	0	0	0	0	0	0	0
4	3	29	3	75	40	65	60	60	65	70	0	60	50	80	80	75	75	0	0	0	0	0	0	0
4	3	29	7	80	70	70	70	65	70	70	0	90	55	65	80	70	85	0	0	0	0	0	0	0
4	3	29	8	70	65	70	60	60	75	50	0	75	60	75	80	80	75	0	0	0	0	0	0	0
4	3	30	1	80	85	80	70	70	70	70	80	80	75	60	70	80	50	80	0	0	0	0	0	0
4	3	30	2	75	85	80	80	85	70	60	80	90	70	75	85	85	40	50	0	0	0	0	0	0
4	3	30	3	70	80	80	75	75	75	70	80	70	70	70	80	70	40	60	0	0	0	0	0	0
4	3	30	7	75	90	75	80	85	65	75	90	90	70	75	80	75	40	65	0	0	0	0	0	0
4	3	30	8	75	70	70	75	80	50	50	90	80	75	90	90	80	60	60	0	0	0	0	0	0
5	1	1	6	90	85	75	75	85	85	80	75	80	80	0	0	0	0	0	0	0	0	0	0	0
5	1	1	9	90	70	65	80	65	90	75	65	70	80	0	0	0	0	0	0	0	0	0	0	0
5	1	1	10	90	85	90	90	95	85	85	90	85	90	0	0	0	0	0	0	0	0	0	0	0
5	1	1	11	85	95	80	95	85	85	90	70	80	85	0	0	0	0	0	0	0	0	0	0	0
5	1	1	12	90	80	95	80	75	75	80	85	80	85	0	0	0	0	0	0	0	0	0	0	0
5	1	3	6	90	90	80	80	70	75	75	75	80	85	0	0	0	0	0	0	0	0	0	0	0
5	1	3	9	90	45	90	70	40	70	60	60	60	60	0	0	0	0	0	0	0	0	0	0	0
5	1	3	10	90	70	85	90	75	80	75	70	80	80	0	0	0	0	0	0	0	0	0	0	0
5	1	3	11	80	70	85	90	70	70	65	80	85	80	0	0	0	0	0	0	0	0	0	0	0
5	1	3	12	85	75	80	75	60	60	60	60	85	75	0	0	0	0	0	0	0	0	0	0	0
5	1	31	6	90	85	75	80	85	75	80	75	85	85	0	0	0	0	0	0	0	0	0	0	0
5	1	31	9	85	75	70	80	65	90	65	60	70	75	0	0	0	0	0	0	0	0	0	0	0
5	1	31	10	90	90	80	85	85	70	85	80	85	80	0	0	0	0	0	0	0	0	0	0	0
5	1	31	11	75	80	90	90	75	95	80	90	95	70	0	0	0	0	0	0	0	0	0	0	0
5	1	31	12	85	90	80	85	85	70	85	75	90	70	0	0	0	0	0	0	0	0	0	0	0
5	2	1	6	85	80	85	70	90	80	80	85	0	0	0	0	0	0	0	0	0	0	0	0	0
5	2	1	8	95	70	70	85	80	65	75	80	0	0	0	0	0	0	0	0	0	0	0	0	0
5	2	1	9	90	65	65	75	80	50	50	50	0	0	0	0	0	0	0	0	0	0	0	0	0
5	2	1	10	90	90	85	90	85	85	85	90	0	0	0	0	0	0	0	0	0	0	0	0	0
5	2	1	11	80	80	85	85	95	80	70	90	0	0	0	0	0	0	0	0	0	0	0	0	0
5	2	3	6	85	75	90	80	70	80	75	80	0	0	0	0	0	0	0	0	0	0	0	0	0
5	2	3	8	80	60	85	65	75	70	90	80	0	0	0	0	0	0	0	0	0	0	0	0	0
5	2	3	9	70	60	85	40	70	40	75	30	0	0	0	0	0	0	0	0	0	0	0	0	0
5	2	3	10	90	80	85	75	75	90	85	80	0	0	0	0	0	0	0	0	0	0	0	0	0
5	2	3	11	75	75	85	80	75	85	75	80	0	0	0	0	0	0	0	0	0	0	0	0	0
5	2	31	6	85	80	75	85	80	75	90	80	0	0	0	0	0	0	0	0	0	0	0	0	0
5	2	31	8	90	80	90	70	80	80	70	70	0	0	0	0	0	0	0	0	0	0	0	0	0
5	2	31	9	90	70	60	40	80	65	70	70	0	0	0	0	0	0	0	0	0	0	0	0	0
5	2	31	10	90	90	95	85	90	90	90	90	0	0	0	0	0	0	0	0	0	0	0	0	0
5	2	31	11	80	85	80	85	80	80	80	80	0	0	0	0	0	0	0	0	0	0	0	0	0
5	3	1	6	85	70	75	80	75	70	75	30	75	65	90	90	75	80	0	0	0	0	0	0	0
5	3	1	8	70	70	85	90	75	60	80	30	80	75	90	90	75	75	0	0	0	0	0	0	0
5	3	1	10	90	85	85	90	80	80	75	30	85	90	85	90	85	80	0	0	0	0	0	0	0
5	3	1	11	75	90	85	95	90	80	75	70	90	90	95	90	90	85	0	0	0	0	0	0	0
5	3	1	12	90	85	75	85	70	75	80	40	60	80	85	65	75	70	0	0	0	0	0	0	0
5	3	3	6	85	70	50	0	85	65	55	70	70	65	80	0	70	90	0	0	0	0	0	0	0
5	3	3	8	85	70	50	0	80	75	70	70	70	70	65	0	60	90	0	0	0	0	0	0	0
5	3	3	10	70	85	65	0	85	70	75	85	75	75	85	0	70	65	0	0	0	0	0	0	0
5	3	3	11	80	85	70	0	80	75	70	85	85	80	90	0	85	90	0	0	0	0	0	0	0
5	3	3	12	80	80	60	0	80	65	65	70	60	85	80	0	60	70	0	0	0	0	0	0	0
5	3	31	6	90	80	75	80	85	65	80	70	70	70	85	85	90	85	0	0	0	0	0	0	0
5	3	31	8	85	90	80	80	70	80	80	80	85	85	80	90	75	65	0	0	0	0	0	0	0
5	3	31	10	90	90	85	85	85	75	80	85	85	90	85	90	75	70	0	0	0	0	0	0	0
5	3	31	11	75	95	85	85	85	80	95	80	85	90	80	90	85	85	0	0	0	0	0	0	0
5	3	31	12	90	95	85	90	90	70	75	85	65	85	90	85	70	60	0	0	0	0	0	0	0
 </ContestScores>
 <ContestPenalties>
2	1	5	50
2	1	18	150
2	1	19	50
2	1	20	50
2	1	21	100
2	1	22	150
2	1	23	150
2	2	5	100
2	2	13	100
2	2	18	200
2	2	19	250
2	2	20	50
2	2	22	300
2	2	23	100
2	3	5	50
2	3	13	50
2	3	18	100
2	3	20	100
2	3	22	200
2	3	23	200
3	1	2	100
3	1	7	300
3	2	7	200
3	2	24	200
3	3	2	100
3	3	4	150
3	3	7	300
3	3	24	100
4	1	9	200
4	1	10	400
4	1	11	200
4	1	12	600
4	1	25	400
4	1	26	600
4	1	27	800
4	1	29	200
4	1	30	900
4	2	10	500
4	2	29	200
4	3	10	1200
4	3	11	1500
4	3	12	700
4	3	25	500
4	3	27	200
4	3	29	200
4	3	30	500
5	1	31	300
5	2	3	1020
5	3	1	300
5	3	3	1200
5	3	31	300
 </ContestPenalties>
 <ContestJudgeAdjustment>
 </ContestJudgeAdjustment>
</ContestDetail>
