<ContestDetail>
 <Contest>
300	P	Phil Schacht Aerobatic Finale 2010	Keystone Heights	FL	10/22 and 10/23	Charlie Wilkinson	288	SouthEast	10/27/2010 11:52:41 AM	3.1.11	1		10/22/2010	
 </Contest>
 <ContestPersonnel>
1	Weaver	Frederick	1017
2	Raue	Louis	27933
3	Ramirez	Laurie	25476
4	Schneider	Jeffrey	11572
5	Ramirez	Hector	18975
6	Cohen	Charles	433016
7	Reinhardt	James	12797
8	Grant	Robert	435142
9	Lumpkin	J	433098
10	Salcedo	Daniel	14475
11	Flournoy	Martin	23687
12	Rojas	Jose	434362
13	Wells	Jim	20352
14	Davis	James	435479
15	Campbell	Kevin	24702
16	Stevenson	Lindsey	0
17	Brozovich	Caroline	435164
18	Moye	Stanley	430392
19	Bouchenot	Matthew	435476
20	Hagoel	Elli	435275
21	Glattstein	Benjamin	433461
22	Waller	Ryan	434769
23	Luethi	Andrea	434113
24	Alcock	Shane	435163
25	McKinney	John	429872
26	Hartvigsen	Thomas	430339
27	Ponso	Mikhael	432733
28	Smith	Thomas	23365
29	Woodyard	T.J.	435255
30	Riu	Jaclyn	435478
31	Costello	Lori	435480
32	Fox	Forrest	435003
33	McLean	William	434875
34	Soldan	Rafael	434664
35	Papiernik	Heath	435123
36	Brown	Kenneth	435276
37	Wilkinson	Charlie	433543
 </ContestPersonnel>
 <ContestJudgesLine>
1	1	1	1	0
1	1	2	3	1
1	1	3	2	0
1	1	4	3	3
1	1	5	2	0
1	1	6	3	5
1	1	7	2	0
1	1	8	3	7
1	1	9	2	0
1	1	10	3	9
1	1	11	2	0
1	1	12	3	11
1	2	1	1	0
1	2	2	3	1
1	2	3	2	0
1	2	4	3	3
1	2	5	2	0
1	2	6	3	5
1	2	7	2	0
1	2	8	3	7
1	2	9	2	0
1	2	10	3	9
1	2	11	2	0
1	2	12	3	11
1	3	1	1	0
1	3	3	3	1
1	3	5	2	0
1	3	13	2	0
1	3	14	3	13
1	3	15	2	0
1	3	18	2	0
2	1	1	1	0
2	1	2	3	13
2	1	7	2	0
2	1	11	3	1
2	1	13	2	0
2	1	15	2	0
2	1	16	3	15
2	1	17	3	7
2	1	18	2	0
2	1	18	3	18
2	2	1	1	0
2	2	3	3	1
2	2	5	2	0
2	2	10	3	5
2	2	13	2	0
2	2	14	3	13
2	2	15	2	0
2	2	17	3	18
2	2	18	2	0
2	2	19	3	15
3	1	1	2	0
3	1	8	3	9
3	1	9	2	0
3	1	11	2	0
3	1	12	3	22
3	1	15	1	0
3	1	20	3	15
3	1	21	3	1
3	1	22	2	0
3	1	23	2	0
3	1	24	3	23
3	1	25	3	11
3	2	1	1	0
3	2	2	3	1
3	2	3	2	0
3	2	4	3	3
3	2	5	2	0
3	2	6	3	5
3	2	7	2	0
3	2	8	3	7
3	2	9	2	0
3	2	10	3	9
3	2	11	2	0
3	2	12	3	11
3	3	1	1	0
3	3	2	3	1
3	3	3	2	0
3	3	4	3	3
3	3	5	2	0
3	3	6	3	5
3	3	7	2	0
3	3	8	3	7
3	3	9	2	0
3	3	10	3	9
3	3	11	2	0
3	3	12	3	11
4	1	1	1	0
4	1	7	2	0
4	1	8	3	18
4	1	9	2	0
4	1	12	3	13
4	1	13	2	0
4	1	17	3	1
4	1	18	2	0
4	1	20	3	7
4	1	26	3	9
4	2	1	1	0
4	2	7	2	0
4	2	8	3	18
4	2	9	2	0
4	2	12	3	13
4	2	13	2	0
4	2	17	3	1
4	2	18	2	0
4	2	20	3	7
4	2	26	3	9
4	3	1	2	0
4	3	3	2	0
4	3	5	2	0
4	3	6	3	23
4	3	7	1	0
4	3	8	3	1
4	3	12	3	27
4	3	17	3	3
4	3	19	3	7
4	3	22	3	5
4	3	23	2	0
4	3	27	2	0
 </ContestJudgesLine>
 <ContestKs>
1	1	0	3	7	15	14	10	4	10	0	0	0	0	0	0	0	0	0	0	0	0	0	0
2	1	0	6	7	13	16	13	19	18	13	10	18	10	0	0	0	0	0	0	0	0	0	0
2	2	26	6	11	17	10	13	18	3	18	11	6	9	4	10	7	0	0	0	0	0	0	0
2	2	32	6	7	13	18	15	19	19	13	9	11	10	3	0	0	0	0	0	0	0	0	0
3	1	0	8	12	19	11	7	14	23	21	18	14	18	19	9	4	0	0	0	0	0	0	0
3	2	13	8	13	10	13	13	18	17	3	14	17	14	12	11	16	19	0	0	0	0	0	0
3	2	18	8	17	10	13	18	15	11	14	17	18	17	23	4	13	0	0	0	0	0	0	0
3	2	27	8	10	13	14	16	17	10	13	11	23	20	6	6	4	16	11	0	0	0	0	0
3	3	0	8	25	14	12	15	19	25	31	11	23	0	0	0	0	0	0	0	0	0	0	0
4	1	0	12	32	34	18	33	26	24	39	21	24	0	0	0	0	0	0	0	0	0	0	0
4	2	2	12	22	32	19	31	27	28	18	31	26	31	21	14	0	0	0	0	0	0	0	0
4	2	11	12	35	18	34	13	34	20	20	25	23	31	32	15	0	0	0	0	0	0	0	0
4	2	15	12	22	32	19	31	27	32	18	31	26	21	27	14	0	0	0	0	0	0	0	0
4	2	37	12	24	25	33	21	21	32	18	21	33	24	26	22	0	0	0	0	0	0	0	0
4	3	0	12	33	27	11	22	40	38	32	23	26	23	0	0	0	0	0	0	0	0	0	0
5	1	0	20	43	29	36	41	32	38	34	23	29	0	0	0	0	0	0	0	0	0	0	0
6	1	0	0	40	40	40	40	40	40	40	40	40	40	0	0	0	0	0	0	0	0	0	0
 </ContestKs>
 <ContestPilots>
1	14	288	Known	Freestyle	Unknown1		Pitts	S2B	N260AB
1	19	288	Known	Freestyle	Unknown1		Pitts	S2B	N260AB
1	28	3	Known	Freestyle	Unknown1		Bellanca	7GCAA	N36028
1	29	288	Known	Freestyle	Unknown1		Pitts	S2B	N260AB
1	30	288	Known	Freestyle	Unknown1		Pitts	S2b	N260AB
1	31	288	Known	Freestyle	Unknown1		Pitts	S2B	N260AB
2	4		Known	Freestyle	Unknown1		Bellanca	8KCAB	N97cd
2	6	355289	Known	Freestyle	Unknown1		Extra	300L	N67RR
2	8	288	Known	Freestyle	Unknown1		Pitts	S2B	N260AB
2	9	3	Known	Freestyle	Unknown1		Pitts	S1S	N39MR
2	12	288	Known	Freestyle	Unknown1		Pitts	S2B	N260AB
2	20	288	Known	Freestyle	Unknown1		Pitts	S2B	N260AB
2	21	288	Known	Freestyle	Unknown1		Pitts	S2B	N260AB
2	22	288	Known	Freestyle	Unknown1		Pitts	S2B	N260AB
2	23	288	Known	Freestyle	Unknown1		Pitts	S2B	N260AB
2	24	288	Known	Freestyle	Unknown1		Pitts	S2B	N260AB
2	25	23	Known	Freestyle	Unknown1		Pitts	S2A	N8063
2	26	3	Known	Freestyle	Unknown1		Pitts	S2B	N110PS
2	32	7823	Known	Freestyle	Unknown1		Pitts	S1S	N86DM
2	33		Known	Freestyle	Unknown1		Vans	RV-4	N96JP
2	34	288	Known	Freestyle	Unknown1		Pitts	S2B	N260AB
2	35	288	Known	Freestyle	Unknown1		Pitts	S2B	N260AB
2	36	288	Known	Freestyle	Unknown1		Pitts	S2B	N260AB
3	13	5235	Known	Freestyle	Unknown1		Giles	G-202	N101PZ
3	18	3	Known	Freestyle	Unknown1		DR	107	N628HD
3	27	288	Known	Freestyle	Unknown1		Pitts	S2B	N260AB
4	2	3	Known	Freestyle	Unknown1		Pitts	S2C	N64LB
4	11	3	Known	Freestyle	Unknown1		Giles	202	N202GP
4	15	89	Known	Freestyle	Unknown1		MX	2	N69TK
4	37	288	Known	Freestyle	Unknown1		Laser	200	N81337
 </ContestPilots>
 <PilotSubCategory>
1	28	1	GrassRoots
2	4	1	GrassRoots
2	9	1	GrassRoots
2	33	1	GrassRoots
 </PilotSubCategory>
 <ContestScores>
1	1	14	3	85	85	75	90	80	80	85	0	0	0	0	0	0	0	0	0	0	0	0	0	0
1	1	14	5	90	90	60	85	90	90	95	0	0	0	0	0	0	0	0	0	0	0	0	0	0
1	1	14	7	90	80	70	80	75	90	85	0	0	0	0	0	0	0	0	0	0	0	0	0	0
1	1	14	9	90	90	70	75	65	95	95	0	0	0	0	0	0	0	0	0	0	0	0	0	0
1	1	14	11	95	90	75	95	90	95	85	0	0	0	0	0	0	0	0	0	0	0	0	0	0
1	1	19	3	85	90	90	85	-20	75	70	0	0	0	0	0	0	0	0	0	0	0	0	0	0
1	1	19	5	85	90	85	85	50	70	80	0	0	0	0	0	0	0	0	0	0	0	0	0	0
1	1	19	7	85	75	80	85	65	85	80	0	0	0	0	0	0	0	0	0	0	0	0	0	0
1	1	19	9	95	90	90	70	60	75	65	0	0	0	0	0	0	0	0	0	0	0	0	0	0
1	1	19	11	90	85	85	85	-20	75	-20	0	0	0	0	0	0	0	0	0	0	0	0	0	0
1	1	28	3	85	85	0	60	70	80	-20	0	0	0	0	0	0	0	0	0	0	0	0	0	0
1	1	28	5	75	90	0	70	60	75	50	0	0	0	0	0	0	0	0	0	0	0	0	0	0
1	1	28	7	85	85	0	60	85	80	70	0	0	0	0	0	0	0	0	0	0	0	0	0	0
1	1	28	9	80	85	0	75	75	95	65	0	0	0	0	0	0	0	0	0	0	0	0	0	0
1	1	28	11	85	90	0	60	70	75	60	0	0	0	0	0	0	0	0	0	0	0	0	0	0
1	1	29	3	70	70	85	80	75	85	90	0	0	0	0	0	0	0	0	0	0	0	0	0	0
1	1	29	5	80	60	80	90	80	85	90	0	0	0	0	0	0	0	0	0	0	0	0	0	0
1	1	29	7	80	80	70	80	75	90	85	0	0	0	0	0	0	0	0	0	0	0	0	0	0
1	1	29	9	75	85	80	75	90	100	90	0	0	0	0	0	0	0	0	0	0	0	0	0	0
1	1	29	11	75	70	65	80	75	85	90	0	0	0	0	0	0	0	0	0	0	0	0	0	0
1	1	30	3	80	90	85	80	85	80	85	0	0	0	0	0	0	0	0	0	0	0	0	0	0
1	1	30	5	90	90	90	85	80	100	95	0	0	0	0	0	0	0	0	0	0	0	0	0	0
1	1	30	7	85	90	85	80	80	90	85	0	0	0	0	0	0	0	0	0	0	0	0	0	0
1	1	30	9	95	80	85	70	90	75	90	0	0	0	0	0	0	0	0	0	0	0	0	0	0
1	1	30	11	90	90	90	80	95	85	75	0	0	0	0	0	0	0	0	0	0	0	0	0	0
1	1	31	3	80	90	85	80	80	85	80	0	0	0	0	0	0	0	0	0	0	0	0	0	0
1	1	31	5	85	90	85	80	60	80	80	0	0	0	0	0	0	0	0	0	0	0	0	0	0
1	1	31	7	90	85	70	70	80	85	80	0	0	0	0	0	0	0	0	0	0	0	0	0	0
1	1	31	9	95	90	80	75	75	85	95	0	0	0	0	0	0	0	0	0	0	0	0	0	0
1	1	31	11	85	90	85	80	75	90	75	0	0	0	0	0	0	0	0	0	0	0	0	0	0
1	2	14	3	80	80	85	85	80	85	90	0	0	0	0	0	0	0	0	0	0	0	0	0	0
1	2	14	5	90	90	95	90	90	95	95	0	0	0	0	0	0	0	0	0	0	0	0	0	0
1	2	14	7	85	80	85	85	90	85	85	0	0	0	0	0	0	0	0	0	0	0	0	0	0
1	2	14	9	90	75	90	90	75	90	95	0	0	0	0	0	0	0	0	0	0	0	0	0	0
1	2	14	11	95	85	90	90	90	95	90	0	0	0	0	0	0	0	0	0	0	0	0	0	0
1	2	19	3	80	90	85	85	75	85	85	0	0	0	0	0	0	0	0	0	0	0	0	0	0
1	2	19	5	90	90	85	90	70	90	95	0	0	0	0	0	0	0	0	0	0	0	0	0	0
1	2	19	7	85	90	80	85	80	80	85	0	0	0	0	0	0	0	0	0	0	0	0	0	0
1	2	19	9	90	95	90	90	65	90	75	0	0	0	0	0	0	0	0	0	0	0	0	0	0
1	2	19	11	90	90	80	90	75	85	40	0	0	0	0	0	0	0	0	0	0	0	0	0	0
1	2	28	3	80	85	85	70	70	80	-20	0	0	0	0	0	0	0	0	0	0	0	0	0	0
1	2	28	5	85	90	80	80	85	80	65	0	0	0	0	0	0	0	0	0	0	0	0	0	0
1	2	28	7	80	85	90	75	80	95	70	0	0	0	0	0	0	0	0	0	0	0	0	0	0
1	2	28	9	80	95	80	85	75	75	80	0	0	0	0	0	0	0	0	0	0	0	0	0	0
1	2	28	11	85	90	80	85	75	85	70	0	0	0	0	0	0	0	0	0	0	0	0	0	0
1	2	29	3	65	80	85	85	80	85	85	0	0	0	0	0	0	0	0	0	0	0	0	0	0
1	2	29	5	75	90	80	85	85	90	90	0	0	0	0	0	0	0	0	0	0	0	0	0	0
1	2	29	7	80	85	80	85	80	90	85	0	0	0	0	0	0	0	0	0	0	0	0	0	0
1	2	29	9	70	80	90	75	85	90	90	0	0	0	0	0	0	0	0	0	0	0	0	0	0
1	2	29	11	70	80	80	70	75	80	85	0	0	0	0	0	0	0	0	0	0	0	0	0	0
1	2	30	3	80	80	85	80	80	85	80	0	0	0	0	0	0	0	0	0	0	0	0	0	0
1	2	30	5	90	90	90	75	85	90	90	0	0	0	0	0	0	0	0	0	0	0	0	0	0
1	2	30	7	85	90	85	80	75	90	85	0	0	0	0	0	0	0	0	0	0	0	0	0	0
1	2	30	9	90	90	85	80	70	95	95	0	0	0	0	0	0	0	0	0	0	0	0	0	0
1	2	30	11	90	90	85	80	85	90	90	0	0	0	0	0	0	0	0	0	0	0	0	0	0
1	2	31	3	80	85	90	80	85	85	85	0	0	0	0	0	0	0	0	0	0	0	0	0	0
1	2	31	5	85	90	90	70	80	80	85	0	0	0	0	0	0	0	0	0	0	0	0	0	0
1	2	31	7	90	85	90	70	75	90	85	0	0	0	0	0	0	0	0	0	0	0	0	0	0
1	2	31	9	90	100	90	70	85	85	85	0	0	0	0	0	0	0	0	0	0	0	0	0	0
1	2	31	11	85	90	85	80	85	95	75	0	0	0	0	0	0	0	0	0	0	0	0	0	0
1	3	14	5	0	0	0	0	0	0	0	0	0	0	0	0	0	0	0	0	0	0	0	0	0
1	3	14	13	0	0	0	0	0	0	0	0	0	0	0	0	0	0	0	0	0	0	0	0	0
1	3	14	15	0	0	0	0	0	0	0	0	0	0	0	0	0	0	0	0	0	0	0	0	0
1	3	14	18	0	0	0	0	0	0	0	0	0	0	0	0	0	0	0	0	0	0	0	0	0
1	3	19	5	0	0	0	0	0	0	0	0	0	0	0	0	0	0	0	0	0	0	0	0	0
1	3	19	13	0	0	0	0	0	0	0	0	0	0	0	0	0	0	0	0	0	0	0	0	0
1	3	19	15	0	0	0	0	0	0	0	0	0	0	0	0	0	0	0	0	0	0	0	0	0
1	3	19	18	0	0	0	0	0	0	0	0	0	0	0	0	0	0	0	0	0	0	0	0	0
1	3	28	5	0	0	0	0	0	0	0	0	0	0	0	0	0	0	0	0	0	0	0	0	0
1	3	28	13	0	0	0	0	0	0	0	0	0	0	0	0	0	0	0	0	0	0	0	0	0
1	3	28	15	0	0	0	0	0	0	0	0	0	0	0	0	0	0	0	0	0	0	0	0	0
1	3	28	18	0	0	0	0	0	0	0	0	0	0	0	0	0	0	0	0	0	0	0	0	0
1	3	29	5	0	0	0	0	0	0	0	0	0	0	0	0	0	0	0	0	0	0	0	0	0
1	3	29	13	0	0	0	0	0	0	0	0	0	0	0	0	0	0	0	0	0	0	0	0	0
1	3	29	15	0	0	0	0	0	0	0	0	0	0	0	0	0	0	0	0	0	0	0	0	0
1	3	29	18	0	0	0	0	0	0	0	0	0	0	0	0	0	0	0	0	0	0	0	0	0
1	3	30	5	0	0	0	0	0	0	0	0	0	0	0	0	0	0	0	0	0	0	0	0	0
1	3	30	13	0	0	0	0	0	0	0	0	0	0	0	0	0	0	0	0	0	0	0	0	0
1	3	30	15	0	0	0	0	0	0	0	0	0	0	0	0	0	0	0	0	0	0	0	0	0
1	3	30	18	0	0	0	0	0	0	0	0	0	0	0	0	0	0	0	0	0	0	0	0	0
1	3	31	5	0	0	0	0	0	0	0	0	0	0	0	0	0	0	0	0	0	0	0	0	0
1	3	31	13	0	0	0	0	0	0	0	0	0	0	0	0	0	0	0	0	0	0	0	0	0
1	3	31	15	0	0	0	0	0	0	0	0	0	0	0	0	0	0	0	0	0	0	0	0	0
1	3	31	18	0	0	0	0	0	0	0	0	0	0	0	0	0	0	0	0	0	0	0	0	0
2	1	4	7	90	90	80	75	70	80	85	75	80	80	75	0	0	0	0	0	0	0	0	0	0
2	1	4	13	60	-10	90	95	60	90	85	95	70	80	90	0	0	0	0	0	0	0	0	0	0
2	1	4	15	65	80	85	85	80	75	85	75	80	80	95	0	0	0	0	0	0	0	0	0	0
2	1	4	18	80	90	80	75	80	80	80	85	80	80	80	0	0	0	0	0	0	0	0	0	0
2	1	6	7	85	80	80	80	85	85	80	85	90	85	100	0	0	0	0	0	0	0	0	0	0
2	1	6	13	85	85	90	70	80	75	80	80	95	80	100	0	0	0	0	0	0	0	0	0	0
2	1	6	15	80	75	75	80	85	80	85	85	80	85	90	0	0	0	0	0	0	0	0	0	0
2	1	6	18	85	-10	-10	80	75	70	90	90	85	85	100	0	0	0	0	0	0	0	0	0	0
2	1	8	7	90	90	80	80	85	65	80	85	90	85	95	0	0	0	0	0	0	0	0	0	0
2	1	8	13	90	100	80	70	60	70	75	75	85	70	90	0	0	0	0	0	0	0	0	0	0
2	1	8	15	80	85	80	75	85	80	85	85	80	80	90	0	0	0	0	0	0	0	0	0	0
2	1	8	18	80	85	80	75	75	75	75	90	95	80	90	0	0	0	0	0	0	0	0	0	0
2	1	9	7	85	90	0	80	70	85	75	0	70	85	80	0	0	0	0	0	0	0	0	0	0
2	1	9	13	80	100	0	90	50	50	80	0	90	90	90	0	0	0	0	0	0	0	0	0	0
2	1	9	15	85	95	0	85	40	45	85	0	85	80	100	0	0	0	0	0	0	0	0	0	0
2	1	9	18	85	80	0	70	-20	-20	70	0	90	80	90	0	0	0	0	0	0	0	0	0	0
2	1	12	7	90	95	85	80	85	85	80	90	85	90	95	0	0	0	0	0	0	0	0	0	0
2	1	12	13	85	100	95	80	70	70	-20	85	80	60	90	0	0	0	0	0	0	0	0	0	0
2	1	12	15	80	85	85	80	85	75	75	90	85	70	85	0	0	0	0	0	0	0	0	0	0
2	1	12	18	80	90	90	80	85	75	75	75	90	60	90	0	0	0	0	0	0	0	0	0	0
2	1	20	7	85	95	85	90	80	80	75	85	90	80	90	0	0	0	0	0	0	0	0	0	0
2	1	20	13	75	100	80	75	90	80	70	-20	95	80	90	0	0	0	0	0	0	0	0	0	0
2	1	20	15	70	90	75	85	85	75	70	85	85	75	85	0	0	0	0	0	0	0	0	0	0
2	1	20	18	80	-10	80	80	80	70	70	70	100	80	90	0	0	0	0	0	0	0	0	0	0
2	1	21	7	90	85	90	85	90	85	85	60	85	80	90	0	0	0	0	0	0	0	0	0	0
2	1	21	13	75	100	70	90	70	60	100	90	80	20	90	0	0	0	0	0	0	0	0	0	0
2	1	21	15	75	80	85	80	80	70	80	75	85	55	80	0	0	0	0	0	0	0	0	0	0
2	1	21	18	75	90	80	80	50	70	80	90	85	50	80	0	0	0	0	0	0	0	0	0	0
2	1	22	7	90	90	90	80	70	75	80	80	85	85	90	0	0	0	0	0	0	0	0	0	0
2	1	22	13	80	100	90	80	70	60	90	90	75	70	85	0	0	0	0	0	0	0	0	0	0
2	1	22	15	90	85	70	85	90	80	75	85	80	75	85	0	0	0	0	0	0	0	0	0	0
2	1	22	18	75	95	80	80	85	70	80	90	90	80	85	0	0	0	0	0	0	0	0	0	0
2	1	23	7	90	90	85	80	90	85	85	85	80	90	100	0	0	0	0	0	0	0	0	0	0
2	1	23	13	85	100	90	95	90	85	90	80	90	90	90	0	0	0	0	0	0	0	0	0	0
2	1	23	15	75	90	85	80	80	70	70	65	85	75	90	0	0	0	0	0	0	0	0	0	0
2	1	23	18	75	100	80	80	90	75	75	85	100	70	80	0	0	0	0	0	0	0	0	0	0
2	1	24	7	80	80	85	90	85	0	75	75	85	70	85	0	0	0	0	0	0	0	0	0	0
2	1	24	13	80	100	90	80	60	0	80	70	60	70	75	0	0	0	0	0	0	0	0	0	0
2	1	24	15	75	85	80	75	70	0	55	65	85	65	85	0	0	0	0	0	0	0	0	0	0
2	1	24	18	75	95	80	80	80	0	60	70	85	70	70	0	0	0	0	0	0	0	0	0	0
2	1	25	7	85	90	85	80	70	80	85	85	80	85	90	0	0	0	0	0	0	0	0	0	0
2	1	25	13	90	100	100	90	75	80	80	95	85	85	90	0	0	0	0	0	0	0	0	0	0
2	1	25	15	80	85	90	80	90	80	90	95	100	80	90	0	0	0	0	0	0	0	0	0	0
2	1	25	18	80	95	95	85	80	70	90	80	95	80	80	0	0	0	0	0	0	0	0	0	0
2	1	26	7	90	90	60	85	80	85	90	85	80	85	90	0	0	0	0	0	0	0	0	0	0
2	1	26	13	75	100	80	90	75	80	100	90	85	80	100	0	0	0	0	0	0	0	0	0	0
2	1	26	15	85	85	75	80	85	75	85	95	90	85	100	0	0	0	0	0	0	0	0	0	0
2	1	26	18	80	80	70	85	75	80	90	85	95	95	100	0	0	0	0	0	0	0	0	0	0
2	1	32	7	80	85	90	75	80	90	85	80	90	80	85	0	0	0	0	0	0	0	0	0	0
2	1	32	13	80	95	100	90	100	70	80	95	90	70	90	0	0	0	0	0	0	0	0	0	0
2	1	32	15	75	85	90	85	80	70	85	90	85	80	80	0	0	0	0	0	0	0	0	0	0
2	1	32	18	90	90	85	75	75	75	75	90	80	80	80	0	0	0	0	0	0	0	0	0	0
2	1	33	7	85	80	70	60	70	75	70	70	80	80	90	0	0	0	0	0	0	0	0	0	0
2	1	33	13	80	85	-20	80	50	50	60	40	60	60	70	0	0	0	0	0	0	0	0	0	0
2	1	33	15	70	75	70	75	40	60	55	70	80	65	80	0	0	0	0	0	0	0	0	0	0
2	1	33	18	75	85	60	70	40	75	70	75	85	70	85	0	0	0	0	0	0	0	0	0	0
2	1	34	7	80	-10	80	85	70	0	85	80	85	70	85	0	0	0	0	0	0	0	0	0	0
2	1	34	13	70	100	70	80	70	0	90	90	90	70	100	0	0	0	0	0	0	0	0	0	0
2	1	34	15	80	80	80	90	65	0	80	80	90	75	90	0	0	0	0	0	0	0	0	0	0
2	1	34	18	70	80	75	75	70	0	90	80	80	60	80	0	0	0	0	0	0	0	0	0	0
2	1	35	7	80	90	75	80	75	0	-20	70	85	50	85	0	0	0	0	0	0	0	0	0	0
2	1	35	13	80	95	85	60	85	0	85	80	90	50	85	0	0	0	0	0	0	0	0	0	0
2	1	35	15	70	85	80	80	80	0	75	80	75	-20	75	0	0	0	0	0	0	0	0	0	0
2	1	35	18	80	80	80	70	85	0	90	70	90	60	80	0	0	0	0	0	0	0	0	0	0
2	1	36	7	80	90	75	85	0	0	75	70	85	85	90	0	0	0	0	0	0	0	0	0	0
2	1	36	13	80	100	90	80	0	0	80	90	85	80	80	0	0	0	0	0	0	0	0	0	0
2	1	36	15	75	85	80	75	0	0	75	70	75	70	85	0	0	0	0	0	0	0	0	0	0
2	1	36	18	80	90	90	75	0	0	70	80	80	85	90	0	0	0	0	0	0	0	0	0	0
2	2	4	5	80	90	90	85	80	85	90	85	80	80	90	0	0	0	0	0	0	0	0	0	0
2	2	4	13	80	85	100	100	85	90	90	100	80	75	90	0	0	0	0	0	0	0	0	0	0
2	2	4	15	75	90	85	90	70	80	80	80	80	75	90	0	0	0	0	0	0	0	0	0	0
2	2	4	18	80	90	85	85	85	85	75	80	90	85	85	0	0	0	0	0	0	0	0	0	0
2	2	6	5	90	85	80	80	90	90	85	85	95	0	90	0	0	0	0	0	0	0	0	0	0
2	2	6	13	85	85	90	65	100	80	85	90	100	0	90	0	0	0	0	0	0	0	0	0	0
2	2	6	15	85	80	80	70	80	75	85	85	90	0	80	0	0	0	0	0	0	0	0	0	0
2	2	6	18	80	85	70	70	85	80	75	85	90	0	90	0	0	0	0	0	0	0	0	0	0
2	2	8	5	75	85	80	80	70	70	85	85	75	90	90	0	0	0	0	0	0	0	0	0	0
2	2	8	13	75	90	70	80	60	70	80	75	70	85	95	0	0	0	0	0	0	0	0	0	0
2	2	8	15	70	90	85	85	75	70	80	80	75	75	90	0	0	0	0	0	0	0	0	0	0
2	2	8	18	80	90	75	75	65	75	80	90	90	75	80	0	0	0	0	0	0	0	0	0	0
2	2	9	5	80	90	85	75	80	85	65	85	80	85	85	0	0	0	0	0	0	0	0	0	0
2	2	9	13	60	100	85	70	60	60	-20	100	85	90	90	0	0	0	0	0	0	0	0	0	0
2	2	9	15	75	90	70	50	70	40	-20	85	80	85	90	0	0	0	0	0	0	0	0	0	0
2	2	9	18	80	90	75	65	90	90	60	80	80	85	90	0	0	0	0	0	0	0	0	0	0
2	2	12	5	90	90	90	80	85	65	80	80	80	-20	70	0	0	0	0	0	0	0	0	0	0
2	2	12	13	80	100	100	80	95	40	75	85	95	50	80	0	0	0	0	0	0	0	0	0	0
2	2	12	15	85	90	90	85	90	-20	85	75	80	75	75	0	0	0	0	0	0	0	0	0	0
2	2	12	18	85	95	90	80	90	-20	75	75	75	70	75	0	0	0	0	0	0	0	0	0	0
2	2	20	5	75	90	90	90	90	90	85	85	80	70	75	0	0	0	0	0	0	0	0	0	0
2	2	20	13	50	90	90	85	70	60	80	85	90	75	85	0	0	0	0	0	0	0	0	0	0
2	2	20	15	70	85	80	85	75	70	75	80	85	80	85	0	0	0	0	0	0	0	0	0	0
2	2	20	18	80	90	85	75	85	80	90	75	85	75	70	0	0	0	0	0	0	0	0	0	0
2	2	21	5	0	0	0	0	0	0	0	0	0	0	0	0	0	0	0	0	0	0	0	0	0
2	2	21	13	0	0	0	0	0	0	0	0	0	0	0	0	0	0	0	0	0	0	0	0	0
2	2	21	15	0	0	0	0	0	0	0	0	0	0	0	0	0	0	0	0	0	0	0	0	0
2	2	21	18	0	0	0	0	0	0	0	0	0	0	0	0	0	0	0	0	0	0	0	0	0
2	2	22	5	80	90	90	85	90	75	80	90	75	85	80	0	0	0	0	0	0	0	0	0	0
2	2	22	13	80	100	90	80	75	70	85	100	90	80	85	0	0	0	0	0	0	0	0	0	0
2	2	22	15	80	90	90	85	80	75	85	90	-20	85	80	0	0	0	0	0	0	0	0	0	0
2	2	22	18	80	90	80	80	80	70	80	90	75	75	85	0	0	0	0	0	0	0	0	0	0
2	2	23	5	80	90	90	90	90	85	80	80	90	85	95	0	0	0	0	0	0	0	0	0	0
2	2	23	13	70	100	90	80	90	75	80	80	90	85	95	0	0	0	0	0	0	0	0	0	0
2	2	23	15	75	95	90	85	85	80	80	85	90	80	90	0	0	0	0	0	0	0	0	0	0
2	2	23	18	80	90	85	90	90	85	75	75	85	90	90	0	0	0	0	0	0	0	0	0	0
2	2	24	5	80	90	80	90	80	75	75	90	70	80	90	0	0	0	0	0	0	0	0	0	0
2	2	24	13	70	100	80	75	50	50	60	90	60	70	80	0	0	0	0	0	0	0	0	0	0
2	2	24	15	70	85	80	80	75	30	-20	85	70	70	80	0	0	0	0	0	0	0	0	0	0
2	2	24	18	80	90	75	80	65	70	70	70	70	70	75	0	0	0	0	0	0	0	0	0	0
2	2	25	5	95	95	90	90	85	90	90	80	80	80	90	0	0	0	0	0	0	0	0	0	0
2	2	25	13	85	100	75	80	70	75	90	90	80	70	90	0	0	0	0	0	0	0	0	0	0
2	2	25	15	80	85	90	80	75	85	85	80	85	70	85	0	0	0	0	0	0	0	0	0	0
2	2	25	18	80	95	90	75	90	90	85	90	85	85	85	0	0	0	0	0	0	0	0	0	0
2	2	26	5	95	90	90	85	70	85	95	90	90	100	90	95	95	95	0	0	0	0	0	0	0
2	2	26	13	90	100	90	90	85	80	100	90	100	90	100	100	100	95	0	0	0	0	0	0	0
2	2	26	15	80	90	95	90	80	85	95	95	90	-10	85	90	95	85	0	0	0	0	0	0	0
2	2	26	18	80	90	90	95	75	90	85	90	90	90	95	95	90	95	0	0	0	0	0	0	0
2	2	32	5	0	95	95	85	65	80	0	0	100	90	85	90	0	0	0	0	0	0	0	0	0
2	2	32	13	80	100	85	90	70	60	0	0	-10	-10	90	90	0	0	0	0	0	0	0	0	0
2	2	32	15	80	85	90	90	85	75	0	0	100	95	85	100	0	0	0	0	0	0	0	0	0
2	2	32	18	80	85	80	80	65	85	0	0	-10	80	90	90	0	0	0	0	0	0	0	0	0
2	2	33	5	95	90	80	80	90	85	80	90	90	80	85	0	0	0	0	0	0	0	0	0	0
2	2	33	13	80	90	80	60	70	70	60	80	90	70	70	0	0	0	0	0	0	0	0	0	0
2	2	33	15	80	80	75	80	80	70	75	90	85	65	70	0	0	0	0	0	0	0	0	0	0
2	2	33	18	75	90	85	75	85	80	80	80	80	85	75	0	0	0	0	0	0	0	0	0	0
2	2	34	5	80	85	70	75	85	75	75	80	85	75	90	0	0	0	0	0	0	0	0	0	0
2	2	34	13	75	100	50	75	70	50	60	75	75	60	75	0	0	0	0	0	0	0	0	0	0
2	2	34	15	75	85	80	70	75	35	65	75	90	65	85	0	0	0	0	0	0	0	0	0	0
2	2	34	18	80	90	80	75	90	70	70	75	90	70	85	0	0	0	0	0	0	0	0	0	0
2	2	35	5	80	90	75	80	80	85	70	75	0	0	75	0	0	0	0	0	0	0	0	0	0
2	2	35	13	75	100	-20	75	80	60	-20	70	0	0	80	0	0	0	0	0	0	0	0	0	0
2	2	35	15	75	85	35	65	80	55	70	70	0	0	75	0	0	0	0	0	0	0	0	0	0
2	2	35	18	75	90	60	75	90	70	70	70	0	0	75	0	0	0	0	0	0	0	0	0	0
2	2	36	5	80	90	90	85	90	65	70	70	85	90	80	0	0	0	0	0	0	0	0	0	0
2	2	36	13	75	90	100	90	80	60	60	80	85	80	75	0	0	0	0	0	0	0	0	0	0
2	2	36	15	75	80	85	80	85	75	70	80	85	80	75	0	0	0	0	0	0	0	0	0	0
2	2	36	18	80	85	50	75	90	60	50	85	80	80	75	0	0	0	0	0	0	0	0	0	0
3	1	13	1	85	-10	70	80	90	90	80	80	80	70	80	80	85	85	0	0	0	0	0	0	0
3	1	13	9	80	70	70	90	90	85	90	80	70	90	75	75	85	75	0	0	0	0	0	0	0
3	1	13	11	85	85	85	80	90	85	85	75	80	85	75	75	80	70	0	0	0	0	0	0	0
3	1	13	22	85	70	60	70	90	85	80	70	70	75	80	55	70	65	0	0	0	0	0	0	0
3	1	13	23	85	-10	75	85	100	85	-20	85	85	85	85	80	80	80	0	0	0	0	0	0	0
3	1	18	1	85	75	80	90	80	70	70	75	80	70	80	80	90	85	0	0	0	0	0	0	0
3	1	18	9	85	90	85	90	100	75	75	75	90	70	80	75	85	100	0	0	0	0	0	0	0
3	1	18	11	0	80	85	90	80	75	75	70	85	75	85	90	85	80	0	0	0	0	0	0	0
3	1	18	22	80	65	85	90	75	70	40	70	70	60	80	70	70	80	0	0	0	0	0	0	0
3	1	18	23	85	80	90	100	70	75	65	65	80	60	90	90	75	95	0	0	0	0	0	0	0
3	1	27	1	85	75	80	75	85	95	90	80	70	75	80	85	85	95	0	0	0	0	0	0	0
3	1	27	9	85	95	80	90	85	95	85	80	80	80	75	80	75	80	0	0	0	0	0	0	0
3	1	27	11	80	85	90	95	80	90	85	80	80	85	80	85	85	90	0	0	0	0	0	0	0
3	1	27	22	75	85	80	80	80	85	80	75	70	70	85	75	90	80	0	0	0	0	0	0	0
3	1	27	23	85	85	80	90	90	100	85	80	75	70	95	90	90	90	0	0	0	0	0	0	0
3	2	13	3	85	90	85	85	75	80	85	85	85	95	85	85	-10	85	90	0	0	0	0	0	0
3	2	13	5	85	85	90	90	75	85	80	100	90	85	85	90	85	85	90	0	0	0	0	0	0
3	2	13	7	85	80	90	85	80	85	85	90	85	80	75	85	90	85	85	0	0	0	0	0	0
3	2	13	9	95	-10	90	85	75	85	70	100	85	85	75	80	85	80	90	0	0	0	0	0	0
3	2	13	11	90	85	95	90	75	85	85	100	80	85	85	90	85	90	85	0	0	0	0	0	0
3	2	18	3	80	85	90	85	85	85	85	85	80	85	75	85	85	80	0	0	0	0	0	0	0
3	2	18	5	90	90	90	75	75	90	85	90	95	95	75	85	85	90	0	0	0	0	0	0	0
3	2	18	7	90	85	80	80	85	80	85	90	85	90	60	70	90	95	0	0	0	0	0	0	0
3	2	18	9	95	80	85	70	70	85	70	90	85	80	80	90	80	85	0	0	0	0	0	0	0
3	2	18	11	95	90	95	80	75	85	85	90	85	90	75	85	100	85	0	0	0	0	0	0	0
3	2	27	3	80	90	85	85	80	85	85	80	85	80	90	90	90	90	85	90	0	0	0	0	0
3	2	27	5	75	85	90	90	75	85	85	90	90	85	90	95	100	95	80	90	0	0	0	0	0
3	2	27	7	90	85	80	85	80	85	85	90	85	80	80	90	95	90	80	90	0	0	0	0	0
3	2	27	9	75	95	85	80	80	80	90	75	90	75	80	90	80	100	75	80	0	0	0	0	0
3	2	27	11	85	90	85	90	85	85	90	80	90	85	85	95	90	100	85	90	0	0	0	0	0
3	3	13	3	80	85	90	-20	80	85	0	85	85	75	0	0	0	0	0	0	0	0	0	0	0
3	3	13	5	80	90	90	-20	80	80	0	80	80	85	0	0	0	0	0	0	0	0	0	0	0
3	3	13	7	-10	80	85	80	85	90	0	-20	-20	-10	0	0	0	0	0	0	0	0	0	0	0
3	3	13	9	85	85	85	80	80	90	0	75	75	65	0	0	0	0	0	0	0	0	0	0	0
3	3	13	11	90	80	85	100	75	80	0	80	85	80	0	0	0	0	0	0	0	0	0	0	0
3	3	18	3	85	80	50	85	90	80	90	50	90	75	0	0	0	0	0	0	0	0	0	0	0
3	3	18	5	85	85	80	85	90	85	80	75	85	80	0	0	0	0	0	0	0	0	0	0	0
3	3	18	7	95	85	90	85	80	85	90	85	90	90	0	0	0	0	0	0	0	0	0	0	0
3	3	18	9	80	70	75	90	70	80	75	70	80	90	0	0	0	0	0	0	0	0	0	0	0
3	3	18	11	90	85	80	95	80	85	95	85	90	85	0	0	0	0	0	0	0	0	0	0	0
3	3	27	3	80	85	85	90	80	75	75	50	85	85	0	0	0	0	0	0	0	0	0	0	0
3	3	27	5	85	80	95	80	80	90	70	70	90	85	0	0	0	0	0	0	0	0	0	0	0
3	3	27	7	90	90	80	90	85	85	75	80	80	80	0	0	0	0	0	0	0	0	0	0	0
3	3	27	9	85	75	90	90	80	80	75	75	90	80	0	0	0	0	0	0	0	0	0	0	0
3	3	27	11	85	85	90	95	85	85	80	75	85	80	0	0	0	0	0	0	0	0	0	0	0
4	1	2	7	85	85	75	70	80	75	70	65	85	75	0	0	0	0	0	0	0	0	0	0	0
4	1	2	9	90	90	80	90	80	85	80	75	85	75	0	0	0	0	0	0	0	0	0	0	0
4	1	2	13	75	80	60	95	60	70	85	60	80	-20	0	0	0	0	0	0	0	0	0	0	0
4	1	2	18	75	85	70	80	85	85	85	80	85	85	0	0	0	0	0	0	0	0	0	0	0
4	1	11	7	90	85	80	85	80	80	80	85	85	80	0	0	0	0	0	0	0	0	0	0	0
4	1	11	9	75	90	75	80	75	80	75	70	90	75	0	0	0	0	0	0	0	0	0	0	0
4	1	11	13	80	80	80	75	70	75	70	80	100	-20	0	0	0	0	0	0	0	0	0	0	0
4	1	11	18	90	85	85	100	80	65	80	85	90	70	0	0	0	0	0	0	0	0	0	0	0
4	1	15	7	0	85	75	85	75	80	85	85	-20	75	0	0	0	0	0	0	0	0	0	0	0
4	1	15	9	80	80	70	75	75	80	90	85	80	80	0	0	0	0	0	0	0	0	0	0	0
4	1	15	13	75	80	90	85	60	60	85	70	80	80	0	0	0	0	0	0	0	0	0	0	0
4	1	15	18	75	75	75	90	70	80	100	90	90	80	0	0	0	0	0	0	0	0	0	0	0
4	1	37	7	90	85	80	90	80	80	75	80	75	70	0	0	0	0	0	0	0	0	0	0	0
4	1	37	9	95	95	85	85	75	90	75	70	75	85	0	0	0	0	0	0	0	0	0	0	0
4	1	37	13	90	95	80	90	75	80	80	80	90	-20	0	0	0	0	0	0	0	0	0	0	0
4	1	37	18	90	80	80	85	85	80	90	75	75	85	0	0	0	0	0	0	0	0	0	0	0
4	2	2	7	55	-10	85	80	85	85	90	75	80	80	80	85	80	0	0	0	0	0	0	0	0
4	2	2	9	60	90	80	85	85	80	75	70	80	75	85	90	70	0	0	0	0	0	0	0	0
4	2	2	13	70	90	80	70	85	60	80	60	80	75	90	90	-20	0	0	0	0	0	0	0	0
4	2	2	18	65	85	80	85	75	80	75	80	85	85	90	75	80	0	0	0	0	0	0	0	0
4	2	11	7	95	80	90	85	75	90	85	85	85	85	90	90	90	0	0	0	0	0	0	0	0
4	2	11	9	90	80	90	85	75	95	85	85	75	90	90	80	90	0	0	0	0	0	0	0	0
4	2	11	13	75	70	90	95	70	80	90	90	85	85	80	90	-10	0	0	0	0	0	0	0	0
4	2	11	18	85	-10	90	85	80	85	85	90	75	85	85	85	85	0	0	0	0	0	0	0	0
4	2	15	7	80	85	85	70	90	85	0	85	80	80	80	80	75	0	0	0	0	0	0	0	0
4	2	15	9	85	95	85	75	80	80	0	90	90	75	90	80	-10	0	0	0	0	0	0	0	0
4	2	15	13	80	90	100	85	95	95	0	90	60	85	85	-10	80	0	0	0	0	0	0	0	0
4	2	15	18	85	85	85	85	100	85	0	90	95	85	90	-10	90	0	0	0	0	0	0	0	0
4	2	37	7	85	85	85	80	85	80	85	85	90	85	85	75	75	0	0	0	0	0	0	0	0
4	2	37	9	70	75	70	95	90	80	75	80	95	90	80	75	90	0	0	0	0	0	0	0	0
4	2	37	13	80	95	80	85	90	75	85	90	85	90	90	85	-20	0	0	0	0	0	0	0	0
4	2	37	18	85	90	75	85	90	75	90	95	75	90	90	90	75	0	0	0	0	0	0	0	0
4	3	2	1	80	75	85	0	70	85	80	80	70	0	0	0	0	0	0	0	0	0	0	0	0
4	3	2	3	80	85	85	0	80	-20	85	75	75	0	0	0	0	0	0	0	0	0	0	0	0
4	3	2	5	85	85	80	0	-20	85	-10	75	80	0	0	0	0	0	0	0	0	0	0	0	0
4	3	2	23	80	75	85	0	70	75	-10	80	75	0	0	0	0	0	0	0	0	0	0	0	0
4	3	2	27	80	85	80	0	80	-20	80	60	85	0	0	0	0	0	0	0	0	0	0	0	0
4	3	11	1	85	75	80	70	75	85	85	90	65	65	85	0	0	0	0	0	0	0	0	0	0
4	3	11	3	85	75	85	85	70	80	75	-10	80	40	80	0	0	0	0	0	0	0	0	0	0
4	3	11	5	90	80	80	80	75	80	85	-10	85	45	90	0	0	0	0	0	0	0	0	0	0
4	3	11	23	85	90	85	90	70	80	90	95	85	70	85	0	0	0	0	0	0	0	0	0	0
4	3	11	27	85	75	90	90	75	75	95	90	95	-20	95	0	0	0	0	0	0	0	0	0	0
4	3	15	1	85	85	80	70	65	85	70	75	0	70	70	0	0	0	0	0	0	0	0	0	0
4	3	15	3	80	80	80	85	80	85	85	80	0	60	65	0	0	0	0	0	0	0	0	0	0
4	3	15	5	90	80	80	90	80	85	85	90	0	65	75	0	0	0	0	0	0	0	0	0	0
4	3	15	23	85	80	85	95	85	90	95	90	0	-10	85	0	0	0	0	0	0	0	0	0	0
4	3	15	27	80	80	80	90	80	-10	90	85	0	-10	80	0	0	0	0	0	0	0	0	0	0
4	3	37	1	80	85	80	70	80	85	85	85	75	70	85	0	0	0	0	0	0	0	0	0	0
4	3	37	3	80	85	80	85	80	85	85	80	80	60	80	0	0	0	0	0	0	0	0	0	0
4	3	37	5	85	80	85	80	90	90	85	75	85	60	75	0	0	0	0	0	0	0	0	0	0
4	3	37	23	85	90	90	100	80	80	90	75	90	75	90	0	0	0	0	0	0	0	0	0	0
4	3	37	27	80	90	80	90	85	90	90	85	90	-20	85	0	0	0	0	0	0	0	0	0	0
 </ContestScores>
 <ContestPenalties>
2	1	4	50
2	1	6	150
2	1	8	150
2	1	9	150
2	1	12	200
2	1	20	200
2	1	21	100
2	1	22	100
2	1	23	50
2	1	24	150
2	1	25	100
2	1	26	150
2	1	32	50
2	1	33	150
2	1	34	250
2	1	35	200
2	1	36	150
2	2	4	50
2	2	6	100
2	2	9	100
2	2	12	50
2	2	20	200
2	2	22	50
2	2	23	50
2	2	24	50
2	2	25	50
2	2	26	50
2	2	32	100
2	2	33	100
2	2	34	150
2	2	35	200
2	2	36	100
3	1	13	350
3	1	18	250
3	1	27	200
3	2	13	100
3	2	27	100
3	3	13	250
3	3	18	450
3	3	27	200
4	1	2	200
4	1	11	200
4	1	15	600
4	1	37	400
4	2	2	400
4	2	11	400
4	2	15	900
4	2	37	400
4	3	2	900
4	3	11	600
4	3	15	600
4	3	37	600
 </ContestPenalties>
 <ContestJudgeAdjustment>
 </ContestJudgeAdjustment>
</ContestDetail>
