<ContestDetail>
 <Contest>
204	G	Tequila Cup-Glider	Marana	AZ	Nov 6-8	Jim Ward	62	SouthWest	11/8/2008 6:36:53 PM	3.0.4	9			0
 </Contest>
 <ContestPersonnel>
1	Howard	Brian	18414
2	Howard	Joyce	431752
3	Seibold	Joseph	28032
4	Gilhousen	Klein	21489
5	Dawson	Gary	22495
6	Kirker	Howard	6425
7	Nehls	Chris	24588
8	Pond	Malcolm	429965
9	Rapp	Ron	432350
10	Sowder	Douglas	14590
11	Benzing	Victoria	431814
12	Beyer	Reinaldo	28147
13	Keiser	John	20554
14	Graves	Charles	24327
15	Teeuwsen	Charlie	11225
16	Hatter	Scott	434100
17	Dornberger	Jim	26409
18	Cohoon	Daniel	434367
19	Matticola	Mark	432581
20	Tanner	Matt	434461
21	Eggen	Mike	429625
22	Packer	Steve	432684
23	Higbee	Robert	10508
24	Boerboon	Jeffrey	16931
25	Innes	Ronald	10554
26	Walker	Daniel	434373
27	Pravecek	Lawrence	434370
28	Johnson	Bryan	434102
29	Kibble	Christopher	434369
30	Albert	Michael	434365
31	Benson	Jonathan	434366
32	Burfiend	Brandon	434101
33	Wilson	Phillip	433734
34	Grieco	Nicholas	433737
35	Gardner	Ben	433735
36	Davis	Andy	433733
37	Lowrie	Jake	433732
38	Smiley	Patrick	433725
39	Stogsdill	Daniel	430801
 </ContestPersonnel>
 <ContestJudgesLine>
2	1	1	1	0
2	1	2	3	1
2	1	3	3	1
2	1	4	2	0
2	1	5	3	4
2	1	6	2	0
2	1	7	3	6
2	1	8	2	0
2	1	9	3	8
2	1	10	2	0
2	1	11	3	10
2	1	12	2	0
2	1	13	3	12
2	2	1	1	0
2	2	2	3	1
2	2	3	3	1
2	2	4	2	0
2	2	5	3	4
2	2	6	2	0
2	2	7	3	6
2	2	8	2	0
2	2	9	3	8
2	2	10	2	0
2	2	11	3	10
2	2	12	2	0
2	2	13	3	12
2	3	1	1	0
2	3	2	3	1
2	3	3	3	1
2	3	4	2	0
2	3	5	3	4
2	3	6	2	0
2	3	8	2	0
2	3	9	3	8
2	3	10	2	0
2	3	11	3	10
2	3	12	2	0
2	3	13	3	12
2	3	14	3	6
3	1	1	1	0
3	1	2	3	1
3	1	3	3	1
3	1	15	2	0
3	1	16	3	15
3	1	17	2	0
3	1	18	3	17
3	1	19	2	0
3	1	20	3	19
3	1	21	2	0
3	1	22	3	21
3	1	23	2	0
3	1	24	3	23
3	2	1	1	0
3	2	2	3	1
3	2	3	3	1
3	2	15	2	0
3	2	16	3	15
3	2	17	2	0
3	2	19	2	0
3	2	20	3	19
3	2	21	2	0
3	2	22	3	21
3	2	23	2	0
3	2	24	3	23
3	2	25	3	17
3	3	1	1	0
3	3	2	3	1
3	3	3	3	1
3	3	14	3	15
3	3	15	2	0
3	3	17	2	0
3	3	19	2	0
3	3	20	3	19
3	3	21	2	0
3	3	22	3	21
3	3	23	2	0
3	3	24	3	23
3	3	25	3	17
 </ContestJudgesLine>
 <ContestKs>
2	1	0	15	16	16	13	16	6	10	5	17	3	0	0	0	0	0	0	0	0	0	0	0
2	2	16	15	20	6	16	4	14	21	13	5	3	0	0	0	0	0	0	0	0	0	0	0
2	2	30	15	20	6	16	4	14	21	13	5	3	0	0	0	0	0	0	0	0	0	0	0
2	2	32	15	20	6	16	4	14	21	13	5	3	0	0	0	0	0	0	0	0	0	0	0
3	1	0	15	15	6	11	12	20	15	28	23	17	0	0	0	0	0	0	0	0	0	0	0
3	2	33	15	16	20	33	4	16	19	13	19	0	0	0	0	0	0	0	0	0	0	0	0
3	2	34	15	16	20	33	4	16	19	13	19	0	0	0	0	0	0	0	0	0	0	0	0
3	2	35	15	16	16	16	8	6	13	4	17	22	22	0	0	0	0	0	0	0	0	0	0
3	2	36	15	16	20	33	4	16	19	13	19	0	0	0	0	0	0	0	0	0	0	0	0
3	2	37	15	16	16	3	16	4	18	16	16	13	16	6	0	0	0	0	0	0	0	0	0
3	2	38	15	16	20	33	4	16	19	13	19	0	0	0	0	0	0	0	0	0	0	0	0
3	2	39	15	12	15	17	7	16	16	19	21	3	14	0	0	0	0	0	0	0	0	0	0
3	3	0	15	17	16	6	16	20	16	21	4	13	0	0	0	0	0	0	0	0	0	0	0
5	1	0	20	20	34	27	25	18	18	22	37	0	0	0	0	0	0	0	0	0	0	0	0
 </ContestKs>
 <ContestPilots>
2	16		Known	Freestyle	Unknown1		Glider		
2	18		Known	Freestyle	Unknown1		Glider		
2	26		Known	Freestyle	Unknown1		TG-10C		
2	27		Known	Freestyle	Unknown1		TG-10C		
2	28		Known	Freestyle	Unknown1		Glider		
2	29		Known	Freestyle	Unknown1		TG-10C		
2	30		Known	Freestyle	Unknown1		Glider		
2	31		Known	Freestyle	Unknown1		Glider		
2	32		Known	Freestyle	Unknown1		Glider		
3	33		Known	Freestyle	Unknown1		Glider		
3	34		Known	Freestyle	Unknown1		Glider		
3	35		Known	Freestyle	Unknown1		Glider		
3	36		Known	Freestyle	Unknown1		TG-10C		
3	37		Known	Freestyle	Unknown1		Glider		
3	38		Known	Freestyle	Unknown1		TG-10C		
3	39	51	Known	Freestyle	Unknown1		PTL	S2D-59	136JR
 </ContestPilots>
 <PilotSubCategory>
2	26	1	FirstTime
2	26	2	GrassRoots
2	27	1	FirstTime
2	27	2	GrassRoots
2	29	1	FirstTime
2	29	2	GrassRoots
3	38	1	GrassRoots
 </PilotSubCategory>
 <ContestScores>
2	1	16	4	85	80	75	75	75	80	80	80	70	90	0	0	0	0	0	0	0	0	0	0	0
2	1	16	6	80	90	85	70	85	80	85	90	80	90	0	0	0	0	0	0	0	0	0	0	0
2	1	16	8	85	85	90	80	80	80	75	85	85	100	0	0	0	0	0	0	0	0	0	0	0
2	1	16	10	85	80	70	75	60	75	85	90	70	100	0	0	0	0	0	0	0	0	0	0	0
2	1	16	12	85	90	85	75	80	85	65	85	75	90	0	0	0	0	0	0	0	0	0	0	0
2	1	18	4	80	80	70	80	75	85	80	80	75	85	0	0	0	0	0	0	0	0	0	0	0
2	1	18	6	90	90	85	75	85	90	85	80	80	85	0	0	0	0	0	0	0	0	0	0	0
2	1	18	8	85	85	70	75	85	80	70	85	90	80	0	0	0	0	0	0	0	0	0	0	0
2	1	18	10	85	80	60	70	60	75	75	80	75	75	0	0	0	0	0	0	0	0	0	0	0
2	1	18	12	85	85	70	80	70	80	70	70	80	75	0	0	0	0	0	0	0	0	0	0	0
2	1	26	4	80	80	70	85	70	85	80	70	80	80	0	0	0	0	0	0	0	0	0	0	0
2	1	26	6	90	90	75	80	75	85	80	80	85	90	0	0	0	0	0	0	0	0	0	0	0
2	1	26	8	90	85	85	85	75	85	85	90	85	90	0	0	0	0	0	0	0	0	0	0	0
2	1	26	10	85	80	75	85	65	70	85	90	80	80	0	0	0	0	0	0	0	0	0	0	0
2	1	26	12	90	85	80	80	85	85	85	80	80	85	0	0	0	0	0	0	0	0	0	0	0
2	1	27	4	75	75	80	75	80	80	80	85	80	85	0	0	0	0	0	0	0	0	0	0	0
2	1	27	6	85	90	85	85	85	80	85	90	80	90	0	0	0	0	0	0	0	0	0	0	0
2	1	27	8	70	80	85	90	75	85	85	80	75	90	0	0	0	0	0	0	0	0	0	0	0
2	1	27	10	80	70	75	80	70	80	85	90	80	95	0	0	0	0	0	0	0	0	0	0	0
2	1	27	12	75	80	80	75	80	85	70	85	85	80	0	0	0	0	0	0	0	0	0	0	0
2	1	28	4	55	80	75	80	80	80	60	70	65	80	0	0	0	0	0	0	0	0	0	0	0
2	1	28	6	85	90	80	90	80	90	75	80	75	90	0	0	0	0	0	0	0	0	0	0	0
2	1	28	8	85	80	80	85	80	90	80	90	85	90	0	0	0	0	0	0	0	0	0	0	0
2	1	28	10	85	75	75	70	70	80	70	95	70	75	0	0	0	0	0	0	0	0	0	0	0
2	1	28	12	90	75	80	75	85	90	65	85	65	85	0	0	0	0	0	0	0	0	0	0	0
2	1	29	4	65	60	55	70	70	85	80	75	70	80	0	0	0	0	0	0	0	0	0	0	0
2	1	29	6	75	65	70	75	85	90	85	85	60	80	0	0	0	0	0	0	0	0	0	0	0
2	1	29	8	75	60	70	80	75	85	85	80	70	85	0	0	0	0	0	0	0	0	0	0	0
2	1	29	10	85	60	55	90	65	75	75	80	65	85	0	0	0	0	0	0	0	0	0	0	0
2	1	29	12	75	60	60	70	80	85	75	85	65	85	0	0	0	0	0	0	0	0	0	0	0
2	1	30	4	70	85	80	80	70	80	80	75	70	85	0	0	0	0	0	0	0	0	0	0	0
2	1	30	6	85	85	90	70	90	90	80	85	80	90	0	0	0	0	0	0	0	0	0	0	0
2	1	30	8	80	80	80	85	85	90	90	85	80	90	0	0	0	0	0	0	0	0	0	0	0
2	1	30	10	75	80	70	80	65	75	70	80	60	85	0	0	0	0	0	0	0	0	0	0	0
2	1	30	12	85	85	80	80	80	85	70	85	80	85	0	0	0	0	0	0	0	0	0	0	0
2	1	31	4	85	80	70	75	80	85	80	70	70	85	0	0	0	0	0	0	0	0	0	0	0
2	1	31	6	80	85	90	80	80	80	85	85	85	90	0	0	0	0	0	0	0	0	0	0	0
2	1	31	8	90	75	75	80	80	85	90	85	75	95	0	0	0	0	0	0	0	0	0	0	0
2	1	31	10	80	75	80	75	70	70	70	85	60	80	0	0	0	0	0	0	0	0	0	0	0
2	1	31	12	80	80	80	85	75	70	80	90	65	85	0	0	0	0	0	0	0	0	0	0	0
2	1	32	4	80	85	70	80	75	85	75	70	70	80	0	0	0	0	0	0	0	0	0	0	0
2	1	32	6	85	95	80	90	85	90	75	80	70	80	0	0	0	0	0	0	0	0	0	0	0
2	1	32	8	85	80	90	100	90	85	90	75	80	85	0	0	0	0	0	0	0	0	0	0	0
2	1	32	10	75	75	75	90	80	85	60	75	70	85	0	0	0	0	0	0	0	0	0	0	0
2	1	32	12	90	90	85	90	90	95	60	75	75	85	0	0	0	0	0	0	0	0	0	0	0
2	2	16	4	80	0	80	80	80	85	65	80	80	90	0	0	0	0	0	0	0	0	0	0	0
2	2	16	6	90	0	80	80	85	90	65	80	90	95	0	0	0	0	0	0	0	0	0	0	0
2	2	16	8	80	0	80	85	85	85	80	85	80	90	0	0	0	0	0	0	0	0	0	0	0
2	2	16	10	75	0	85	80	85	80	65	85	90	80	0	0	0	0	0	0	0	0	0	0	0
2	2	16	12	85	0	80	80	75	80	75	75	85	90	0	0	0	0	0	0	0	0	0	0	0
2	2	18	4	80	80	75	85	70	75	80	75	85	80	0	0	0	0	0	0	0	0	0	0	0
2	2	18	6	85	90	90	75	85	80	75	75	80	90	0	0	0	0	0	0	0	0	0	0	0
2	2	18	8	80	80	75	75	70	80	75	85	80	70	0	0	0	0	0	0	0	0	0	0	0
2	2	18	10	80	80	60	70	60	85	80	80	80	85	0	0	0	0	0	0	0	0	0	0	0
2	2	18	12	80	80	80	85	75	80	70	80	85	85	0	0	0	0	0	0	0	0	0	0	0
2	2	26	4	80	80	75	85	80	75	85	85	60	85	0	0	0	0	0	0	0	0	0	0	0
2	2	26	6	85	90	85	75	80	85	80	85	60	85	0	0	0	0	0	0	0	0	0	0	0
2	2	26	8	80	90	85	80	85	85	75	80	55	85	0	0	0	0	0	0	0	0	0	0	0
2	2	26	10	80	80	70	75	80	90	65	85	50	85	0	0	0	0	0	0	0	0	0	0	0
2	2	26	12	85	85	80	75	75	80	85	85	55	85	0	0	0	0	0	0	0	0	0	0	0
2	2	27	4	85	80	75	85	80	75	80	75	80	80	0	0	0	0	0	0	0	0	0	0	0
2	2	27	6	90	90	85	85	85	90	85	95	90	90	0	0	0	0	0	0	0	0	0	0	0
2	2	27	8	90	70	80	90	70	85	75	85	90	90	0	0	0	0	0	0	0	0	0	0	0
2	2	27	10	80	75	65	80	60	80	65	80	80	80	0	0	0	0	0	0	0	0	0	0	0
2	2	27	12	90	80	85	85	75	85	85	85	85	90	0	0	0	0	0	0	0	0	0	0	0
2	2	28	4	85	80	85	80	85	70	80	85	0	90	0	0	0	0	0	0	0	0	0	0	0
2	2	28	6	90	95	80	85	85	90	80	90	0	90	0	0	0	0	0	0	0	0	0	0	0
2	2	28	8	80	80	75	75	70	80	80	80	0	85	0	0	0	0	0	0	0	0	0	0	0
2	2	28	10	80	75	55	85	60	70	60	75	0	80	0	0	0	0	0	0	0	0	0	0	0
2	2	28	12	95	90	85	90	85	90	75	90	0	85	0	0	0	0	0	0	0	0	0	0	0
2	2	29	4	85	80	70	80	70	80	70	70	60	85	0	0	0	0	0	0	0	0	0	0	0
2	2	29	6	80	80	80	85	75	85	85	85	70	90	0	0	0	0	0	0	0	0	0	0	0
2	2	29	8	75	85	80	85	75	80	75	85	60	80	0	0	0	0	0	0	0	0	0	0	0
2	2	29	10	75	60	70	80	65	80	75	80	70	85	0	0	0	0	0	0	0	0	0	0	0
2	2	29	12	90	75	75	80	75	85	90	90	75	85	0	0	0	0	0	0	0	0	0	0	0
2	2	30	4	85	50	80	80	85	85	75	80	85	80	0	0	0	0	0	0	0	0	0	0	0
2	2	30	6	85	80	75	75	80	80	75	80	85	90	0	0	0	0	0	0	0	0	0	0	0
2	2	30	8	90	60	85	80	85	85	75	80	85	90	0	0	0	0	0	0	0	0	0	0	0
2	2	30	10	90	60	80	80	75	80	60	85	90	90	0	0	0	0	0	0	0	0	0	0	0
2	2	30	12	85	80	90	85	85	85	75	80	90	90	0	0	0	0	0	0	0	0	0	0	0
2	2	31	4	80	80	80	70	80	80	75	80	0	80	0	0	0	0	0	0	0	0	0	0	0
2	2	31	6	85	90	80	70	75	90	85	85	0	65	0	0	0	0	0	0	0	0	0	0	0
2	2	31	8	90	90	85	90	90	85	85	90	0	85	0	0	0	0	0	0	0	0	0	0	0
2	2	31	10	85	80	75	70	70	85	85	90	0	85	0	0	0	0	0	0	0	0	0	0	0
2	2	31	12	80	85	85	80	85	85	85	90	0	75	0	0	0	0	0	0	0	0	0	0	0
2	2	32	4	75	85	90	80	90	70	70	80	85	90	0	0	0	0	0	0	0	0	0	0	0
2	2	32	6	85	85	90	85	90	80	85	90	95	95	0	0	0	0	0	0	0	0	0	0	0
2	2	32	8	90	90	90	85	80	70	90	95	90	90	0	0	0	0	0	0	0	0	0	0	0
2	2	32	10	95	85	85	80	90	75	75	100	90	90	0	0	0	0	0	0	0	0	0	0	0
2	2	32	12	95	90	95	85	85	80	85	80	90	90	0	0	0	0	0	0	0	0	0	0	0
2	3	16	4	75	85	80	80	75	80	65	75	80	90	0	0	0	0	0	0	0	0	0	0	0
2	3	16	6	80	80	85	85	85	90	70	75	90	90	0	0	0	0	0	0	0	0	0	0	0
2	3	16	8	90	100	95	85	90	90	75	85	90	90	0	0	0	0	0	0	0	0	0	0	0
2	3	16	10	80	80	80	75	75	80	65	80	75	80	0	0	0	0	0	0	0	0	0	0	0
2	3	16	12	90	90	85	90	80	85	70	85	90	80	0	0	0	0	0	0	0	0	0	0	0
2	3	18	4	80	70	75	75	80	80	75	85	75	80	0	0	0	0	0	0	0	0	0	0	0
2	3	18	6	85	80	80	75	85	90	90	85	80	90	0	0	0	0	0	0	0	0	0	0	0
2	3	18	8	90	50	80	75	85	85	80	90	75	90	0	0	0	0	0	0	0	0	0	0	0
2	3	18	10	85	70	80	85	85	90	75	90	75	90	0	0	0	0	0	0	0	0	0	0	0
2	3	18	12	80	70	85	75	90	90	85	80	80	85	0	0	0	0	0	0	0	0	0	0	0
2	3	26	4	75	80	80	70	80	85	80	80	80	85	0	0	0	0	0	0	0	0	0	0	0
2	3	26	6	80	90	90	70	90	85	75	80	85	80	0	0	0	0	0	0	0	0	0	0	0
2	3	26	8	90	80	95	60	85	90	85	80	90	90	0	0	0	0	0	0	0	0	0	0	0
2	3	26	10	85	75	85	85	90	90	75	80	65	95	0	0	0	0	0	0	0	0	0	0	0
2	3	26	12	85	85	90	70	85	90	80	85	75	80	0	0	0	0	0	0	0	0	0	0	0
2	3	27	4	85	75	80	85	70	70	70	80	85	90	0	0	0	0	0	0	0	0	0	0	0
2	3	27	6	85	85	90	90	85	80	90	95	90	90	0	0	0	0	0	0	0	0	0	0	0
2	3	27	8	90	85	80	90	80	85	90	90	95	90	0	0	0	0	0	0	0	0	0	0	0
2	3	27	10	85	80	65	75	75	80	90	70	75	90	0	0	0	0	0	0	0	0	0	0	0
2	3	27	12	85	85	80	90	80	80	80	90	85	90	0	0	0	0	0	0	0	0	0	0	0
2	3	28	4	85	75	75	60	80	80	60	85	0	85	0	0	0	0	0	0	0	0	0	0	0
2	3	28	6	80	85	75	85	80	80	75	80	0	90	0	0	0	0	0	0	0	0	0	0	0
2	3	28	8	90	90	85	80	85	90	90	90	0	75	0	0	0	0	0	0	0	0	0	0	0
2	3	28	10	85	80	80	75	65	70	70	85	0	80	0	0	0	0	0	0	0	0	0	0	0
2	3	28	12	80	85	80	75	80	70	80	80	0	85	0	0	0	0	0	0	0	0	0	0	0
2	3	29	4	60	70	80	80	60	75	75	75	80	80	0	0	0	0	0	0	0	0	0	0	0
2	3	29	6	75	65	75	90	60	90	80	85	75	90	0	0	0	0	0	0	0	0	0	0	0
2	3	29	8	75	75	75	90	50	70	80	85	75	80	0	0	0	0	0	0	0	0	0	0	0
2	3	29	10	80	60	70	75	50	60	75	80	70	80	0	0	0	0	0	0	0	0	0	0	0
2	3	29	12	75	65	75	85	50	60	70	70	80	85	0	0	0	0	0	0	0	0	0	0	0
2	3	30	4	75	80	80	80	85	85	60	80	80	85	0	0	0	0	0	0	0	0	0	0	0
2	3	30	6	80	85	90	85	95	85	70	80	80	90	0	0	0	0	0	0	0	0	0	0	0
2	3	30	8	90	90	85	90	90	85	75	80	80	90	0	0	0	0	0	0	0	0	0	0	0
2	3	30	10	95	75	80	85	85	85	70	80	80	80	0	0	0	0	0	0	0	0	0	0	0
2	3	30	12	90	75	85	80	85	90	70	75	80	85	0	0	0	0	0	0	0	0	0	0	0
2	3	31	4	80	80	80	75	80	75	85	60	60	70	0	0	0	0	0	0	0	0	0	0	0
2	3	31	6	80	95	90	80	75	85	90	90	75	85	0	0	0	0	0	0	0	0	0	0	0
2	3	31	8	90	80	80	85	75	75	80	90	80	90	0	0	0	0	0	0	0	0	0	0	0
2	3	31	10	85	75	90	85	80	90	95	85	60	80	0	0	0	0	0	0	0	0	0	0	0
2	3	31	12	80	75	80	80	85	85	85	90	70	80	0	0	0	0	0	0	0	0	0	0	0
2	3	32	4	80	70	85	75	80	70	80	80	80	85	0	0	0	0	0	0	0	0	0	0	0
2	3	32	6	85	75	90	80	85	80	80	80	90	85	0	0	0	0	0	0	0	0	0	0	0
2	3	32	8	90	90	90	80	85	85	80	85	90	90	0	0	0	0	0	0	0	0	0	0	0
2	3	32	10	85	80	85	80	90	75	75	80	80	90	0	0	0	0	0	0	0	0	0	0	0
2	3	32	12	90	65	80	85	90	85	80	85	90	90	0	0	0	0	0	0	0	0	0	0	0
3	1	33	15	80	90	80	70	80	70	70	60	65	60	0	0	0	0	0	0	0	0	0	0	0
3	1	33	17	90	90	90	90	85	75	85	75	70	75	0	0	0	0	0	0	0	0	0	0	0
3	1	33	19	50	80	95	70	60	70	70	80	60	75	0	0	0	0	0	0	0	0	0	0	0
3	1	33	21	85	90	85	95	80	85	80	80	75	80	0	0	0	0	0	0	0	0	0	0	0
3	1	33	23	85	80	75	75	80	70	65	65	80	65	0	0	0	0	0	0	0	0	0	0	0
3	1	34	15	70	90	90	70	80	70	70	70	75	70	0	0	0	0	0	0	0	0	0	0	0
3	1	34	17	75	85	85	65	80	75	80	75	80	85	0	0	0	0	0	0	0	0	0	0	0
3	1	34	19	60	90	85	70	80	95	80	60	60	85	0	0	0	0	0	0	0	0	0	0	0
3	1	34	21	80	90	85	80	85	75	85	80	85	80	0	0	0	0	0	0	0	0	0	0	0
3	1	34	23	80	90	85	80	85	70	70	65	80	70	0	0	0	0	0	0	0	0	0	0	0
3	1	35	15	70	90	80	85	90	70	85	60	50	30	0	0	0	0	0	0	0	0	0	0	0
3	1	35	17	75	90	90	80	85	65	75	65	70	55	0	0	0	0	0	0	0	0	0	0	0
3	1	35	19	80	65	90	95	50	55	85	65	55	60	0	0	0	0	0	0	0	0	0	0	0
3	1	35	21	80	85	80	90	85	75	80	80	80	75	0	0	0	0	0	0	0	0	0	0	0
3	1	35	23	85	75	80	75	70	65	65	60	65	60	0	0	0	0	0	0	0	0	0	0	0
3	1	36	15	90	90	90	80	90	0	80	80	70	85	0	0	0	0	0	0	0	0	0	0	0
3	1	36	17	80	95	90	85	90	0	80	80	75	90	0	0	0	0	0	0	0	0	0	0	0
3	1	36	19	80	90	95	95	80	0	75	80	65	90	0	0	0	0	0	0	0	0	0	0	0
3	1	36	21	80	90	85	80	90	0	80	80	80	85	0	0	0	0	0	0	0	0	0	0	0
3	1	36	23	85	90	85	80	75	0	70	70	80	85	0	0	0	0	0	0	0	0	0	0	0
3	1	37	15	70	90	80	70	80	0	70	90	70	60	0	0	0	0	0	0	0	0	0	0	0
3	1	37	17	90	95	90	75	85	0	85	80	75	85	0	0	0	0	0	0	0	0	0	0	0
3	1	37	19	65	85	95	70	90	0	90	90	65	95	0	0	0	0	0	0	0	0	0	0	0
3	1	37	21	75	90	85	80	90	0	70	90	70	80	0	0	0	0	0	0	0	0	0	0	0
3	1	37	23	75	85	80	70	80	0	75	70	80	65	0	0	0	0	0	0	0	0	0	0	0
3	1	38	15	80	70	80	75	70	80	0	60	40	70	0	0	0	0	0	0	0	0	0	0	0
3	1	38	17	85	75	80	70	70	65	0	60	60	80	0	0	0	0	0	0	0	0	0	0	0
3	1	38	19	85	75	85	70	40	90	0	55	90	80	0	0	0	0	0	0	0	0	0	0	0
3	1	38	21	85	80	90	80	75	85	0	80	85	75	0	0	0	0	0	0	0	0	0	0	0
3	1	38	23	85	85	75	70	65	85	0	60	55	80	0	0	0	0	0	0	0	0	0	0	0
3	1	39	15	80	70	80	60	70	40	80	60	60	70	0	0	0	0	0	0	0	0	0	0	0
3	1	39	17	80	80	75	75	70	60	85	70	80	90	0	0	0	0	0	0	0	0	0	0	0
3	1	39	19	80	60	95	80	70	65	75	60	70	65	0	0	0	0	0	0	0	0	0	0	0
3	1	39	21	85	85	85	80	85	75	80	85	80	80	0	0	0	0	0	0	0	0	0	0	0
3	1	39	23	85	70	80	80	75	65	75	70	80	85	0	0	0	0	0	0	0	0	0	0	0
3	2	33	15	80	75	50	80	90	85	50	85	80	0	0	0	0	0	0	0	0	0	0	0	0
3	2	33	17	90	80	65	70	80	85	75	70	50	0	0	0	0	0	0	0	0	0	0	0	0
3	2	33	19	60	75	80	100	85	80	80	80	85	0	0	0	0	0	0	0	0	0	0	0	0
3	2	33	21	80	90	85	85	80	80	85	85	85	0	0	0	0	0	0	0	0	0	0	0	0
3	2	33	23	75	80	65	75	65	70	65	70	70	0	0	0	0	0	0	0	0	0	0	0	0
3	2	34	15	90	90	0	60	80	80	70	85	80	0	0	0	0	0	0	0	0	0	0	0	0
3	2	34	17	90	80	0	75	80	80	75	85	80	0	0	0	0	0	0	0	0	0	0	0	0
3	2	34	19	70	85	0	65	75	80	85	90	100	0	0	0	0	0	0	0	0	0	0	0	0
3	2	34	21	90	85	0	80	85	90	80	80	85	0	0	0	0	0	0	0	0	0	0	0	0
3	2	34	23	75	85	0	70	80	70	85	90	80	0	0	0	0	0	0	0	0	0	0	0	0
3	2	35	15	70	80	60	0	90	80	70	80	0	40	50	0	0	0	0	0	0	0	0	0	0
3	2	35	17	80	90	80	0	75	80	85	90	0	50	80	0	0	0	0	0	0	0	0	0	0
3	2	35	19	70	85	80	0	85	90	70	90	0	50	55	0	0	0	0	0	0	0	0	0	0
3	2	35	21	80	85	75	0	85	80	80	85	0	75	75	0	0	0	0	0	0	0	0	0	0
3	2	35	23	70	80	85	0	85	70	70	85	0	65	70	0	0	0	0	0	0	0	0	0	0
3	2	36	15	90	80	0	50	80	90	50	90	80	0	0	0	0	0	0	0	0	0	0	0	0
3	2	36	17	90	95	0	80	85	85	75	90	30	0	0	0	0	0	0	0	0	0	0	0	0
3	2	36	19	70	80	0	70	80	100	65	85	80	0	0	0	0	0	0	0	0	0	0	0	0
3	2	36	21	85	80	0	80	85	90	80	90	85	0	0	0	0	0	0	0	0	0	0	0	0
3	2	36	23	80	90	0	75	95	85	70	85	80	0	0	0	0	0	0	0	0	0	0	0	0
3	2	37	15	80	70	0	90	80	90	80	60	90	90	60	80	0	0	0	0	0	0	0	0	0
3	2	37	17	90	90	0	90	85	90	65	60	75	80	90	80	0	0	0	0	0	0	0	0	0
3	2	37	19	60	80	0	95	80	85	70	65	95	80	70	90	0	0	0	0	0	0	0	0	0
3	2	37	21	80	85	0	80	85	85	80	85	80	80	80	85	0	0	0	0	0	0	0	0	0
3	2	37	23	75	90	0	80	75	90	75	80	75	80	65	75	0	0	0	0	0	0	0	0	0
3	2	38	15	90	90	70	60	90	50	40	75	70	0	0	0	0	0	0	0	0	0	0	0	0
3	2	38	17	90	60	70	65	90	85	60	80	70	0	0	0	0	0	0	0	0	0	0	0	0
3	2	38	19	55	65	70	70	80	85	60	70	60	0	0	0	0	0	0	0	0	0	0	0	0
3	2	38	21	80	80	85	80	90	80	75	75	80	0	0	0	0	0	0	0	0	0	0	0	0
3	2	38	23	80	80	80	60	80	75	65	70	60	0	0	0	0	0	0	0	0	0	0	0	0
3	2	39	15	80	70	60	75	80	80	80	70	60	80	60	0	0	0	0	0	0	0	0	0	0
3	2	39	17	85	80	80	75	95	70	75	70	50	90	80	0	0	0	0	0	0	0	0	0	0
3	2	39	19	80	80	70	80	70	95	70	70	85	100	65	0	0	0	0	0	0	0	0	0	0
3	2	39	21	85	85	75	80	90	85	80	80	85	80	80	0	0	0	0	0	0	0	0	0	0
3	2	39	23	75	75	85	80	90	75	75	80	65	85	70	0	0	0	0	0	0	0	0	0	0
3	3	33	15	100	90	80	80	70	50	70	90	80	50	0	0	0	0	0	0	0	0	0	0	0
3	3	33	17	90	95	85	85	80	80	65	75	80	60	0	0	0	0	0	0	0	0	0	0	0
3	3	33	19	85	90	80	85	80	80	80	95	80	90	0	0	0	0	0	0	0	0	0	0	0
3	3	33	21	85	85	85	80	80	80	80	80	80	80	0	0	0	0	0	0	0	0	0	0	0
3	3	33	23	80	80	70	75	70	80	85	70	90	80	0	0	0	0	0	0	0	0	0	0	0
3	3	34	15	80	90	80	80	80	70	60	60	80	70	0	0	0	0	0	0	0	0	0	0	0
3	3	34	17	85	90	90	85	80	75	85	75	80	85	0	0	0	0	0	0	0	0	0	0	0
3	3	34	19	80	95	80	90	80	80	85	80	80	80	0	0	0	0	0	0	0	0	0	0	0
3	3	34	21	85	85	90	85	80	80	90	85	80	85	0	0	0	0	0	0	0	0	0	0	0
3	3	34	23	80	65	70	85	70	65	75	75	95	75	0	0	0	0	0	0	0	0	0	0	0
3	3	35	15	60	80	70	80	70	0	80	60	80	70	0	0	0	0	0	0	0	0	0	0	0
3	3	35	17	75	95	85	80	80	0	75	65	80	85	0	0	0	0	0	0	0	0	0	0	0
3	3	35	19	75	80	70	80	75	0	75	65	85	75	0	0	0	0	0	0	0	0	0	0	0
3	3	35	21	75	80	80	80	85	0	85	80	80	80	0	0	0	0	0	0	0	0	0	0	0
3	3	35	23	75	80	80	70	75	0	80	60	85	80	0	0	0	0	0	0	0	0	0	0	0
3	3	36	15	90	80	70	80	80	20	60	60	80	80	0	0	0	0	0	0	0	0	0	0	0
3	3	36	17	90	90	90	95	80	80	85	75	85	60	0	0	0	0	0	0	0	0	0	0	0
3	3	36	19	85	95	80	85	80	80	75	75	80	85	0	0	0	0	0	0	0	0	0	0	0
3	3	36	21	85	85	80	85	80	80	80	85	90	80	0	0	0	0	0	0	0	0	0	0	0
3	3	36	23	80	80	85	75	70	70	75	70	90	80	0	0	0	0	0	0	0	0	0	0	0
3	3	37	15	80	90	80	80	80	0	40	60	80	90	0	0	0	0	0	0	0	0	0	0	0
3	3	37	17	85	90	80	85	75	0	50	75	85	70	0	0	0	0	0	0	0	0	0	0	0
3	3	37	19	85	80	80	85	85	0	95	65	85	85	0	0	0	0	0	0	0	0	0	0	0
3	3	37	21	85	90	90	90	80	0	70	80	80	85	0	0	0	0	0	0	0	0	0	0	0
3	3	37	23	75	90	75	80	75	0	80	70	90	75	0	0	0	0	0	0	0	0	0	0	0
3	3	38	15	90	80	70	80	80	0	60	70	80	90	0	0	0	0	0	0	0	0	0	0	0
3	3	38	17	90	90	80	90	75	0	75	70	85	80	0	0	0	0	0	0	0	0	0	0	0
3	3	38	19	85	80	75	100	70	0	75	60	90	85	0	0	0	0	0	0	0	0	0	0	0
3	3	38	21	85	85	90	90	80	0	80	80	85	85	0	0	0	0	0	0	0	0	0	0	0
3	3	38	23	80	80	70	75	75	0	80	70	90	85	0	0	0	0	0	0	0	0	0	0	0
3	3	39	15	80	80	70	80	80	70	60	80	70	50	0	0	0	0	0	0	0	0	0	0	0
3	3	39	17	80	85	90	75	75	65	60	70	80	60	0	0	0	0	0	0	0	0	0	0	0
3	3	39	19	80	65	70	80	90	75	55	75	70	80	0	0	0	0	0	0	0	0	0	0	0
3	3	39	21	85	85	80	85	90	85	85	80	80	80	0	0	0	0	0	0	0	0	0	0	0
3	3	39	23	75	70	85	80	85	80	75	85	90	65	0	0	0	0	0	0	0	0	0	0	0
 </ContestScores>
 <ContestPenalties>
2	1	16	100
2	1	18	50
2	1	27	100
2	1	28	100
2	1	29	200
2	1	30	100
2	1	31	100
2	1	32	50
2	2	18	50
2	2	27	50
2	2	28	50
2	2	31	50
2	3	16	150
2	3	26	50
2	3	27	100
2	3	28	50
2	3	29	150
2	3	30	50
2	3	31	50
3	1	33	100
3	1	34	650
3	1	35	100
3	1	36	150
3	1	37	200
3	1	38	150
3	1	39	300
3	2	33	100
3	2	34	100
3	2	35	600
3	2	37	100
3	3	35	400
3	3	37	150
 </ContestPenalties>
 <ContestJudgeAdjustment>
 </ContestJudgeAdjustment>
</ContestDetail>
